 

 

 

575

BARUOH.
Gap. 11. 17 66. ·-· 1, 906. 2, 632. 5, 227.
Cap. 111. 14. — 5, 205.
Cap. VI. 3. — 5, 271. 6, 560. 638.

MACCABAEORUM.
Lib. 1. Cap. ΙΙ. - 18, 621.
Lib. ΙΙ. Cap. VI. VII. -- 5, 267. 18, 621.
Cap. XII. 43. - 1, 733. 2, 497.
Cap. XV. 12. - 7, 582.
38. - 2, 497.
MATTHAEUS.
Cap. 1. 1. — 1, 519. 2, 348. 6, 23. 7, 105.
5. -- 2, 351.
16. - 6, 23.

21. - 1, 513. 516. 2, 366. 6,19. 197.
26. - 1, 517. 5, 336.

Cap.111. 2. - 1, 693. 2, 465. 449. 7, 557.

3. - 1, 666.

6. - 1, 699. 965. 2, 460. 994.

7. - 1, 669.

11. - 1, 536. 962. 2, 966. 994. 7,

“ 444. 6, 469.

12. - 1, 546. 663. 2, 744. 757. 5,
526. 7, 66.

16. - 1, 960. 9, 472.

15. - 2, 371.

16. - 1, 514. 2, 76. 1020. 9, 439.
17. - 1, 468. 2, 362. 425. 715.

1 66. - 1, 933. 2, 673. 7, 182.
2. - 1, 670.
4. - 1, 512. 7, 6. 8, 352.

Gap. IV.

6. - 7, 56.
9. - 9, 615.

INDEX LOOORUM S. S. BARUOH—MATTHAEUS.

 

576

Cap. IV.
10. -— 1, 384- 2, 88. 6, 621. 7, 24.
9, 592. 603. 615.
11. - 1, 499. 2, 122.
17. - 1, 693. 2, 310. 435. 5, 283.
Cap. V. 3. -— 1, 787. 2, 598. 10, 31.
4. - 2, 521.
5. - 1, 1141.
8 seq. — 2, 736. 5, 190.
10. - 1, 1139. 2, 519. 8, 21 eq. 400.
12. - 1, 792. 2, 604.
13 sq. — 1, 563. 630. 1041. 2, 778.
848. 5, 283. 9, 625
17. - 1, 435. 2, 263.
18. - 1, 426.
19. - 2, 308. 5, 268. 6, 566. 7, 462.
20. - 7, 556.
21. -· 1, 376. 1107. 2, 271. 1100.
22. -- 1, 409. 2, 295.
23. - 1, 704. 2, 466.
25. - 1, 732. ,2, 496ὓ.
26. - 2, 736.
32. - 20, 560.
34. - 2, 285ὓ. 7, 92. 95.
38 eq. — 1, 1114 sq. 2, 1108 eq.
44. — 1, 1132. 2, 306. 511. 9, 143.
45. - 2, 728. 741.
46. - 1, 424.
Cap. Vl. 5. —- 9, 611.
6 seq. — 1, 88.. 919⁴. 2, 656.
9 seq. — 1, 922 sq. 2, 660. 6, 89.
91. 9. 279.
12. - 1, 674. 7, 204. 358.
14. - 2, 511.
23. - 1, 464. 2, 418.
25. - 2, 729. 5, 178. 7, 111.
33. -- 17, 674.
Cap. VII. 1. — 7, 796.
5. - 7, 196.
6. —— 8, 107. 9, 626.

7. - 1, 910. 2, 637. 6, 48.
6. - 6, 57.

