599
Gap. XVII.

Oap. XVIII.

Gap. XIX.

Gap. XX.

Gap. XXI.

Gap. XXII.

Gap. XXIII.

INDEX LOOORUM S. S. ACTA—AD ROMANOS.

24 88. -· ε1ἰὸ5927. 2, 665. 6, 55. 9,
27. - 1, 289. 291. 2, 43. 47. 52.

28. - 1, 512. 889. 2, 81. 48. 140.
145. 148. 5, 202· 7, 179.

187. 8, 848. 808.
29. - 2, 75. 7, 128.
80. - 1, 889. 2, 488.

18. - 1, 1088. 2, 1084. 8, 581.

20, 551.
1 ss. - 1, 118. 7,·88.

3 88. - 1, 961 80. 967³. 2, 966.

9728.

5. - 9, 785.

.8. - 1, 571. 2, 787. 7, 21. 828.
11. - 7, 702.

18. - 1, 1085. 2, 1083.

19. - 7, 589.

10. - 5, 179.

17. - 2, 782.

18 ss. - 1, 566bi5. 2, 782.

20. - 1, 585. 859. 878. 2, 788.

781.

21.
203.

26. -- 1, 659. 673. 5, 272. 286.

289.

28. ·-- 1, 485. 521.566. 715. 1088. 2,
99. 354. 492. 539. 782. 7,

564·8 482 561. 9,.646
648..707 19,.543 2'0,74.

29. - ὲ10641. 1052 80. 2, 860. 5

88. -- 9, 588. 804.
28. - 10, 190.
24. - 9, 800.

28. -- 8, 581. 9, 599».
1. -- 1, 1114. 2, 1108.

8. - 7, 118.
8. - 133500. 2, 188. 5, 182. 7,
12. - 2, 928.
28. - 8, 478.

- 1, 888. 888. 2, 485. 487. 7,

 

Gap. XXIV.

Oap. XXV.
Gap. XXVI.

Cap. XXVIII.

Cap. I.

. 11. - 20, 550(

12. - 1, 1114. 2, 1108.
15. - 1, 882. 2, 741.
18. - 1, 841. 2, 824. 889.

28. - 20, 551.

10. - 1, 1114. 2, 1108.
11. - 9, 823. '

17. - 2, 898.

18. - 7, 182.

11. - 5, 285.

18. - 1, 804. 2, 821.
25. - 1, 488. 2, 108. 8, 290518.
0

AD ROMANOS.

1. —- 1, 688. 516. 2, 358.
2. — 1, 803. 2, 314.

8.-1, 519. 2, 848. 350. 5,
8'78. 105. 8, 482. 488.
557.10,187.17’0

4. - 1,1081. 2,380. 1082. 5,
, 373. 7, 41’6. 9, 339. 352.
10, 167. 170.

5. - 1, 488. 472. 2, 402. 404.
421. 7, 800. 801. 12, 878.

9. - 2, 288.
11. - 12, 874.
14. - 5, 289. 7, 50.

18. - 1. 488 sq. 2, 812. 421. 5,
288. 852. 8, 254. 7, 4588.
8,18. 118. 298. 9,19. 182.
598. 817. 12, 878512.

17. — 1, 466 80. 742. 2, 424. 549.
7, 600.

18. - 9, 281.

19. —- 1, 286. 289. 2, 42. 52.

20. - 6, 15.

21. - 2, 51.

22. -— 2, 39.

23. -- 6, 55. 550.
24. - 19, 673.
25. - 6, 411.

28. - 2, 189. 8, 884.

 

