 

 

605

INDEX Loaolztm S. S. AD ROMANOS. 606

Gap. vm.

30. — 1, 73³. 539. 793. 377. 881. 2, 578.
604. 717. 8, 165. 168. 300. 308.

324. 341.
31. - 7, 456.

32. - 1, 479. 2, 390. 716. 7, 556. 9,

355.

33. -- 1, 535. 738. 2, 384. 534. 542. 7,

443. 3, 322. 9, 590.

34. - 1, 534ἶ 912. 2, 380. 383. 563. 645.

6, 33. 39. 11, 436.
35. - 1, 775. 2, 421. 535.
36. - 1, 1143. 2, 527. 3, 402.
37. - 2, 577. 7, 119. 456.

38. - 11ὲῦ458. 471. 2, 411. 430. 717. 7,

39. - 9, 623.

Gap. IX. — 8, 100 Sflqq·

3. - 1, 923. 2, 661. 7, 101. 331. 3, 339.

4. - 7, 62. 3, 492.

5. - 1, 435. 519. 2, 99. 343. 350. 353.
7,106. 3, 432. 433. 9, 327. 633.
643. 10, 167. 170. 19, 541. 543.

6. - 2, 69o*. 770.
7. - 1, 977. 2, 985.
8 33. - 2, 685. 8, 276 33³.

11 ss. - 1, 367. 2, 6903. 5, 521. 6, 59.

8, 277ὓ. 306. 345.
12 aq. —- 2, 419. 9, 313.
14. - 6, 314.

15. - 2, 692. 6, 366. 8, 217. 9, 294.
16. -- 1, 359. 369. 878. 2, 232. 244*.

712. 6, 306. 343. 8, 218.

17.· - 1, 337. 2, 724. 3, 143. 163. 312.

334. 19, 673.
19. -- 8, 110.

20. —- 1, 871. 2, 698. 701. 728. 8, 148.

168. 262. 9, 300.
21. —- 6, 59. 8, 287.

22. ὼ 2, 699. 7, 353. 3, 312. 334. 342.

9, 307.
24 - 2, 723.
27. - 7, 454.
30. - 6, 333.
32. - 1, 434.

33. -- 2, 98. 110. 9, 400. 634. 716.

 

Gap. x. 3. - 1, 467. 739. 2, 545. 5, 335. 7,

13. 597. 3, 20. 33. 310.
4. -- 2, 54. 252. 254. 401.
5. - 1, 730. 2, 547. 591. 6, 349. 435.

7, 13. 447. 430.

6. - 7, 600.

3. - 1, 365. 466. 741. 2, 240*- 421 sq.
6, 349. 7, 473.

9. - 6, 530.

10. - 1, 473. 2, 399. 404. 5, 244. 6,
545. 7, 601. 9, 595. 599. 610.

11. - 1, 437. 2, 101.
12. - 3, 295.

14. - 1, 903. 903. 2, 625. 635. 6, 37.
3375231. 7, 29. 651. 3, 169. 216.

16. - 6, 345. 8, 299. 9, 315.

17. - 1, 633. 1045. 2, 747. 352. 6, 271.
345. 521. 7, 6. 23. 9, 535. 703.
12, 473. 673.

13. - 5, 523.

oap. XI. 2 33. — 2, 692. 5, 529. 8, 273.

4. .- 6, 547.
5. - 2, 679. 635. 3, 273. 310. 334.

6. - 1454757. 2, 567. 6, 397. 7, 13.

7. - 3, 2733. 290. 329. 342.

3. - 2, 169. 3, 290.

13. - 1, 463. 12, 673.

16. — 7, 673. 631. 3, 333. 493.
17. - 2, 393. 6, 317. 394.

20 33. —- 1, 462. 881. 2, 416. 717. 7,
347. 679. 8, 55. 323ὓ.

26 33. - 8, 132.
29. - 8, 346.

32. - 1, 430. 887. 2, 259. 707. 728. 5,
332. 7, 232. 233. 8, 296. 17, 23.

33. - 2, 155. 426. 6, 258. 314. 8, 267.
ἐξ. 334. 364. 9, 300. 304. 19,

34. - 1, 1035. 1067. 2, 1067. 3, 313.
35. -- 1, 757. 367. 2, 566. 639. 3, 305.
36. - 1, 331. 2, 275. 5, 391. 7, 232.

Oap.X11.1. — 1, 777. 1032. 1127. 2, 505. 588.

1062. 5, 573. 7, 610.

