f o... ι.

Gap. Π.

 

 

INDEX Looomm s. s. AD EPHESIOS.

18. -- 1, 458.

8, 335 9, 756. 19, ’676 sq.
20,-1, 533. 9, 365. 669.
91. - 1, 496. 9, 191.

99. - 1, 602. 2, 344. 616. ;7, 37. 560.
93. - 1, 996. 1002. 9, 6641· 755. 6,

395.

1. - 1, 664. 9, 791. 5, 205. 6, 366.

363. 7, 476. 556. 6, 919.

2. - 1, 352. 507. 939. 2, 126. 130.

225. 5, 203. 520. 9, 718.

3.- 1, 319. 980. 9, 161. 185. 988. 5,
521. 6, 366. 7, 347. 554. 565. 8,

129. 289. 10,161.
4. — 1, 757. 9, 566.

5. -— 1, 346. 370. 534. 753. 2. 246.

383.

6. - 1, 346. 370. 773. 2, 583. 729.

5, 340. 7, 122.

8. - 1, 753. 763. 2, 561. 572. 7, 13.

455. 9, 717. 758.

10. — 1, 757. 774. 2, 216. 451. 566.
584. 709. 7, 452. 602. 8, 287.

301. 9, 757.
11. - 1, 976. 9, 966.

12. - 1, 284. 946. 969. 985. 99} 4(8).
· 2

50. 248. 721. 949. 978.

337. 630.

13. - 6, 499.

14. 15. - 1, 436· 465. 468. 826.
977. 9, 965. 337. 490. 495.

563. 985. 7,61. 6, 493. 10,161.
16. - 9, 367.
16. -- 6, 469.

19. - 9, 799. 7,199. 999.

20. —- 1, 294. 553. 555. 599. 2, 57.
767. 771. 815. 5, 393. 6, 327.

590. 7, 6, 613. 9, 551.
91. - 1, 777. 9, 567. 5, 597.

. 2.--,.2942

7-9 232

9.-2,.1091 8,.260 9299, 314.

19, 679.
10. - 9,171. 796.

635. 793. 1049. 2, 411.
8'53. 6, 177. 348. 7, 479. 601.

 

Gap. III.

Oap. IV.

622

12. - 1, 457. 909. 9, 410. 563. 636.
7, 93. 456. 478. 601.· 8, 639.
9, 759.

14. - 9, 604.

15. - 1, 493.

16. - 9, 344.

17. -9, 1006. 7, 450. 470. 471. 697.
9, 30. 90,’ 75.

18. - 1, 457* 2, 409. 577. 9,109.
19. - 1, 422. 2, 304. 7, 601.

l.—7 203.
3.,.--2646 6,.39 10,225.

4. -1, 58.ὕ 562. 602. 942. 2, 748.
ἔ77ἷίὸ 819. 7, 37. 560. 616.

5. -- 1, 488. 556. 1035. 2‚103·.
15, 331. 20, 332.

772.

7:1⁹: 333¹: 602. 2, 3... 395. 818.
6, 21. 7, 35. 6, 605.
8.9.,..—1484534 9, 99363 5,
340. 9, 635.
10.-1, 539. 609. 636. 2‚.381 818.
7, 696. 90, 75.

11. - 1, 602. 636 9, 745. 749. 818.
5‚' 546. 563. 574. 6,109. 7, 37.
561. 564. 6, 419. 416. 9, 716.
19, 679. 15, 339.

12. — 1, 541. 7, 561. 12, 677.

13. - 1, 943. 1050. 9, 946. 5, 919.
7, 901. 600. 6, 46. 9, 490.

14. -- 5, 536. 6, 521. 7, 5.

15. - 1, 533. 601. 602. 1002. 2, 382.
393. 818. 5, 545. 6, 521. 7, 37. 38.

16. - 9, 346. 7, 561. 9, 90.

17. 16. - 9, 910. 6, 919.
19. - 7, 936.
90. - 9, 401.

99. - 1,1196. 2504 7, 11. 60. 360. 496.

93. - 1. 307. 335. 690. 1196. 9,136.
164. 909. 440. 506. 7, 903.

94. - 5, 161. 7, 347.
27. - 1, 506. 9, 199.
96. - 5, 309. 7, 514.
30. - 1, 362. 2, 236. 5, 590.

