503 ' , INDEX vocum GRAEOARUM ΠΑΡ-ιιτῼ,

Παράδοξος 1, 468. 18, 33. 321.
Παραίνεσις 5, 132.

Παραινετικός 20, 385.

Παράληψις 5, 128.

Παραπρεσβεία 12, 649.
Παράσκοπος 13, 181.

Παράφρασις ,11, 539.

Πάρεργον 6, 340. 11, 540.
Παρέργως 18, 741.

Παροξυσμός 13, 480.

Παῤῥησία 11. 26. 498. 12, 429. 14, 264. 356. 15.

27 2. 20, 378.

Παρῤησιάζεσθαι 12, 555.
Παχιὶτερος 11, 542.
Πεπινομένως 13, 138.
flamm-svm 13, 138.
Πεπωρωμένος 15, 301.
Περίεργα 7, 539.
Περισσολογία 18, 750.
neomaen- 1, 790. 2, 601.
Πικρόχολος 15, 592.
Πλανᾶν 6, 272.
Πλεονασμός 18, 321.

mffloqca 1, 457. 2, 410. 7, 456. 13, 638. 14,

Πλοκῆ 5, 112.
Πνεῦμα (κατὰ) 8, 651.
Πνοὴ 5, 179.

Ποιμὴν λαῶν 5, 284.
Πολίτευμα 11, 277.
Πολυγραφία 14, 263.
Πολυλόγος 14, 267.

 

Πολυποίκιλος 2. 171. 8, 663.
Πολυπραγμονεΐν 15, 238.

Πολυπραγμοσύνη 11, 540. 15, 166. 18, 73.
ηολόσημος 1, 473. 2, 405.

Πολότοπος 1, 122. 1007.

Πονηρός 7, 332.

Ποτῆριον 16, 577.

Πρέπον 1, 227. 860. 1064. 2, 891. 16, 101.
Πρεσβεία 11, 236.

Πρεσβπέριον 15, 884.

Πρεσβύτεροι 1, 570.

Προβολῆ 8, 509. 524.

Πρόδρομος 14, 623.

Πρόληψις 5, 156.

Προμηθεὺς 17, 553.

Πρόνοια 13, 257.

Προοίμια 12, 72. 73. 13, 652. 14, 168.
Προσευχῇ 11, 462.

Πρόσκαιρος 13, 645.

Προσκαίρως 13, 257.

Προσκυνεῖν 1, 384. 2, 88.

Προσφορά 1, 1030. 2, 1060.
Προσφώνηως 11, 540.

Προσωπολὴπτης 9, 226.

Πρόσωπον 2, 91. 5, 62.

Πρόφασις 19, 186.

monade-905 17, 189.

Πτῶμα 6, 273.

 

 

