141 INDEX THEOLOGIOUS ΑΗΘ. 142
Augustinus - Augustinus
214. 6, 267. 293. 299. 313. 320. 328. 331. 333. -— de vera religione: 6, 299. 10, 196.

388. 7 9. 474.

- de dono (bono) perseverantiae: 1, 864. 876. 2,

386. 682. 688. 707 88. 6, 287.
880. 446. 452. 8, 166. 211.
306q 310. 32588. 330. 14, 490. 15, 131.

325. 328. 355. 7,

— eontra literas Petiliani: 1, 956. 2, 961. 9, 159.

15, 110.

- de poenitentia (liber spurius): 1, 174. 730. 2,

490. 569.
- de praedestinatione Dei: 1, 891.

—- de praedestinatione et gratia: 1, 353. 876. 2,

226. 707. 728. 8. 166. 211. 318. 15, 131.

- de praedestinatione sanctorum 1, 321. 343. 354.
770. 2, 193. 220. 227. 386. 580. 694. 699. 712.
6, 320. 325. 354. 364. 379. 7, 446. 452. 8, 166.
211. 265 sq. 270. 274. 284. 290. 330. 333. 358.

9, 307. 14, 490. 15, 131.

- fin Psalmos:111.2,1020. 9, 435. 502. 18, 771.
858. 756. 2, 281. 480. 566. 5:9'5i9. 1731ιῇ5511ιῖ
2, 610. XXXIII. 2,
XLVII. 9,173. 511211ἒῖ
LVII. 1, 331. 2, 204. LXI. 1, 717.

XVIII. 2, 178. XXIX. 18,
XXXII. 1, 722. 798.
1027. 9, 156. 502. 18, 771. XXXVI.
{¹1ss. 1, 323. 2,195.

2, 494. LXVIII. 1, 491. 2,106. 7, 824. 11,
259. LXXIII. 1,106. 956. 2, 961.2’ 1131511ῑῖ7311
LXXVIII. 1, 948. 2, 952.
LXXXIII. 1, 798. 2, 610. LXXXIV. 6, 842.
LXXXVIII. 1, 754. 770. 2, 562. 580. 7, 18. 457.
374. ciffi.J 01371ῗῖ
11, 561. oXIII. 2, 82. 84 6, 476. 7, 277’ 316, ’
1, 431. 2, ’259 1111111111,
857. oXXXVII.
1, 768 2, 578. 6, 886. CXXXIX. 1, 770. 2,

560. 801. LXX. l, 357. 431.
1, 956. 2, 961.

XCIV. 2, 646. XCVIII. 9,
CII. 2, 485. CIII. 18,
14, 481. CIX 1, 491. 798. 2,106. 610.

194. CXVIII.
723. 2, 481. CXXXIV. 9,
580. 14, 481. CXLII. 6, 353. CXLIV. 1,
18484· 2·

— quaestiones in Vet. 'rests 1, 176. 380. 2, 275.

- quaestiones in Heptateuchum: 1, 176. 380. 948.
956. 1077. 2, 275. 952. 954. 961. 1077 80. 7, 709.

9, 24. 29.
- quaestiones in evangelia: 1, 556. 2, 771.

—- quaestiones LXXXIII: 2, 152. 156.

265. 272. 290. 292.

48. 581. CXLVII. CXLVIII.

 

— retractationes: 1, 868. 891. 921. 1083. 2, 151.
208. 659. 694. 1085. 5, 202. 6, 294. 297 sq.
32048325. 318. 328. 357. 8, 166. 211. 313. 331.

- sermones: de verbis apostoli: 1, 320. 661. 751.
2, 192. 209. 220. 231. 427. 441. 559. 688. 696.
702. 908. 1037. 7, 474. 485. 8, 166.· 211. 286.
311. 360. 9, 158. 166. 452. 501. 503. 18, 373.
118 baptismate infantum 1‚176.1077. 2,1077.
de eolumba et spiritu 7,3'24. 111 natalibus Cy -
priani 5, 242. de verbis Domini 7, 475. 9, 480.
in Dominiea 9, 452. de tempore 1, 491. 2, 106.
7, ,3Ξὲ 9, 173. 11, 561. 118 trinitate et columba

i — ad Simplioianum Mediolanensem 8, 330.

—— de spiritu et anima 5, 181.

- de spiritu ot litera 1, 320. 428. 2, 192. 232.
- 257. 260. 5‚136.522. 6, 303. 307. 314. 7, 474.
10, 200. 14, 487 sq.

— de trinitate lib. I. 11, 790. -— lib. Π. 2, 93. -
115. III. 2, 152. 1027. 9, 155. 18, 374. - 115. IV.
2, 1058. ’ 5, 180. 11, 790. —- lib. V. 7, 323. —
1115. X. 2, 139. - 115. XIV. 9, 118. ·— lib. XV.

-ss de unitate ecelesiae 7, 22.
-- de utilitate credendi 1, 295. 300. 2, 58. 69.
-— de vita elericorum 5,112.

—— praeterea saepissime laudatur non indioato loeo:

1, 48. 103. 109. 126. 142. 190. 236. 299. 312.
318. 327. 345. 3498. 352. 368. 371. 420. 436.
538. 575. 653. 665. q695. 726. 734. 792. 1005.
1010.1014.1022. 1094.

2, 67. 93. 116.1858q. 1888q. 199. 217. 221. 243.
265. 302. 415. 442. 498q 546. 603. 746. 792.
900. 913. 997. 1033. 1035. 1041.1050.

5, 23. 477. 525. 559. 591. 635.

6, Isgigsg. 3265444271. 283. 289 80. 381. 396. 483.

7, ,,ὲὲ 1359 263. 351. 379. 483. 498. 569. 581.

8, 77. 103. 317. 353. 574. 639. 654.

9, 82. 108. 114. 118. 120. 22780. 24280. 259
262. 287sq. 294. 302. 308. 354. 376. 439.
470. 477. 483. 48980. 500. 51380. 547. 559.

10, 195. 202. 214.

11, 585. 625. 653. 703. 707. 770. 792 88.

12,17 88. 18, 375. 699. 771 88. 19, 352.

