613
Gap. XJ.

 

 

Oap. XII.

INDEX LOCORUM S. S. AD CORINTHIOS 1.

28. — 1, 548. 989. 1015. 2, 758. 997.

6, 129. 7, 71. 657. 3, 494.

29. - 1, 10153. 2, 753. 1035. 1042.

7, 569. 9, 23. 763.

30. - 6, 503. 636. 3, 463. 11, 434.
31. - 2, 443. 7, 469. 606.

32. - 1, 728. 1139. 2, 435. 513.

3. - 1, 328. 2, 201. 7, 192.

4. ——- 1, 541. 568. 5, 545. 8, 588.

605.
5. - 7, 35. 9, 636.
6. - 1, 343. 2, 216. 219. 7, 1913.
7. - 2, 734. 7, 230.
10. -1, 488sq 2, 404. 8, 471.

11. -1, 433 433 sq 541. 2,102. 104.

9’28. 7, 472.

12. - 1, 942. 2, 588. 946. 1021. 6,
39. 9‚187’.

13. - 1, 966. 934. 2, 970. 992.

21. - 7, 33.

25. - 1, 912. 2, 646.

26. -- 7, 561.

27. - 6, 39. 7, 35. 3, 320.

28. - 1, 567. 648. 1103. 2, 782. 891.

1095.

31. - 1, 473. 2, 404.

Gap. XIII. l. — 1, 80*.

Gap. XIV.

2. - 1, 47:3³⁵.

3. — 1, 446. 2, 934.

4. --’ 1, 1130 eq. 2. 509 sq. 9, 593.

5. - 1, 423. 2, 305.

3. - 7, 553.
9. - 1, 480. 2, 414.
10. - 2, 409.
12. - 1, 1036. 2, 1065. 5, 343. 7.
126. 223.
13. - 1, 7933. 2, 6104.
- 6, 37.
11. - 9, 545.
15. - 1, 921. 2, 629. 659.
16. - 1. 922. 2, 880. 5, 556. 6, 432.

20. - 7, 201. 8. 16. 626. 11, 488..

793. 2, 404. 409. 610.

 

Gap. XIV.

Cap. XV.

614

25. -- 7, 514.
26. - 5, 533.

29.,--1 633. 1044. 2852. 865. 5,
404..536 7,3.2 9,.153

30. - 1, 545. 2, 756.
32. - 9, 439.

33. - 7, 571. 20, 115.
34. — 1, 1083. 2, 889.
38. — 8, 84.

40. - 1, 404. 563. 357. 913. 1063. 2,
290. 656. 887. 5, 352. 575. 7,

496. 9, 762.

6. - 2, 732.

10. — 1, 344 2, 222. 752. 6, 370.
3931512679.

12 sq. - 1, 520. 2, 349. 731. 733. 7,

107*.
14 ss. — 2, 730. 7, 221. 224.
17. -- 2, 330. 7, 224.

19. - 1, 795. 2, 606. 5, 216. 277. 7,
132. 223.
20. -- 13, 310.

22. - 1, 309. 980. 2, 181. 988. 5,
194. 8, 339.

23. - 2, 731. 7, 230.

24. - 1, 522. 2, 114. 355. 365. 5, 212.
26. - 7, 230.
27. - 2, 332. -
522. 929. 2, 239. 355.

28. - 1, 403.
365. 667. 5, 211. 346. 6, 97.
9, 341ΰ. 405.

29 88. ·- 5, 217.

33. - 9, 612.

35. - 2, 733.

39. - 1, 681. 2, 740.

41. - 1, 1098. 2, 1090.
42 sq. — 5, 201·.
44. - 9, 242.

45. -2, 138. 395. 7, 127. 9, 778.

47. —1, 520. 2, 346. 349. 352. 7,
108 sq? 9,108.10,175.

50. -1, 680. 980. 2, 988. 7, 241.

51. - 1, 535. 681. 2, 384. 739 sq. 5,
342. 7, 224. ’13,3Ξέ0.

