 

505 INDEX VOOUM GRAEOARUM ΡΗΜ-ΣΩΜ,

Ρ.

Ῥῆμα 8, 566.

‘123ng 9, 196. 206. 473.

Ῥητορικῶς 13, 652.

15, 795. 16, 578.

Σ.

Σαξονικίζειν 15, 492.
Σάρκα (κατὰ) 8, 651. 675.
Σαρκασμός 5, 23.
:moravam 12. 349.
Σαφὲς 11, 540.

Σεβῶσμιος 1, 1030.
Σεβαστοκὸς 2, 1060.
Σκιομαχεῖν 9, 512.
Macalla 16, 217. 19, 395.
Σκληρός 18, 310.
§meantem 18, 481.
Σοφία 8, 663.

Σοφίζεσθαι 20, 569.
Σοφός 21, 124.

§nciam 11, 541.
Στηλιτευτικός 9, 463. 15, 616.
Σιορνῆ 9, 576.

§roprande 9, 577.

Συζῆν 14, 161.

Συζῆτησις 13, 465.
“Συζνγία 5, 40. 11, 655.
Συλλειτοῦργος 19, 313.
Συλλογιστικός 13, 652. ·

18,

 

Σῦμβολα 16, 100.

Συμβολαῶς 9, 684. 686.

§wau-»ua 11, 440.

Συμμαχία 11, 440. 450. 671. 12, 430.
Σύμμαχος 12, 644.

Summam· 19, 212.

Emeum-93⁶0: 7, 518. 10, 158. 11, 455.
403. 643. 15, 820. 19, 546.

Συμπαρακληθῆναι 11, 541.

Σ5μπαιριώτης 14, 129.

Συμφερτός 11, 541.

Συμφραγμῶν 11, 440.

Συμφράδμων 12, 3. 611. 16, 266.
Συμφρατρία 20, 197.

Σὸμψηφος 16, 327.

Συνάδελφος 13, 649.

Συναποθνήσκειν 12, 124. 430. 14, 161.
Συνεκδοχῆ 5, 207.

Συνεργὸς 11, 407. 710. 12, 431. 20, 380.
Σῦνεσις 15, 591.

Σόνοδος 15, 619.

:maweu 20, 366.

Συνουσία 19, 12.

§inarata 18, 684.

Σφοδρός 18, 481.

swam 1. 102. 537. 941. 2, 944. 7, 702.

359. 13, 579.
Σχίσμα 15, 100. 17, 601.
Σωματοφόλαξ 5, 147.

12, 98.

11,

