 

 

609
Gap. Π.
9. -- 5, 211.
10. - ἑὲ4457. 469. 488. 2, 102. 426. 7,
11. -- 1, 468. 2, 426. 5, 183. 334.
12. - 1, 470. 2, 429. 853. 7, 456. 464.
602. 8, 322. ·
13. —- 2, 999. 8, 15.
14. - 1, 329. 468. 2, 202. 426. 5, 209.
518. 566. 6, 247. 348. 7, 554.
8, 13. 299. 9, 299. 313.
15. - 9, 590.
16. -— 1, 488. 754. 2, 426. 562. 7, 464.
8, 318. 322.
17. - 1, 469.
Cap. III. 1. - 9, 607.
2. - 1, 838. 2, 621. 5, 298.
4. - 2, 936. ·
6. -- 1, 945. 2, 949. 8, 302. 9, 775.
7. - 1, 359. 2, 233. 752. 6, 344. 9,
23. 775. 12, 471. 679.
8. m· 1, 792. 2, 604. 12, 678.
9. - 2, 245. 752. 5, 283. 12, 675.
10. -·- 5, 283.
11. - 1, 600. 772. 2, 582. 736. 816.
12. - 2, 497ὓ.
13 8. — 7, 28⁴⁶. 12, 431. 678.
16. ·-— 1, 777. 1125. 2, 503. 587. 5, 527.
6, 71. 9, 245. 774.
17. - 1, 488. 2, 102. 6, 204. 7, 697.
18. - 6, 248. 8, 16. 469.
19. - 1, 288. 2, 47. 5, 241.
21. -— 1, 266. 2, 18.
23. -- 5, 352.
cap. tv, 1. — 1, 565. 628. 1040. 2, 781. 5, 283.
7, 19. 12, 675.
3. —·- 14, 427.

4. - 1, 748. 2, 555. 602. 7, 473.'559.
5. ..- 1, 791. 2, 556.
7. - 1, 358. 2, 231. 509. 722. 6, 289.

320. 339. 390. 9, 169. 215. 266.
302. 308. 335. ,
9. - 5, 174.
10. - 12, 472.

11. -- 8, 402. 10, 158.
Gauio& opera. Vol. XXII.

INDEX Looomm S. S. AD CORINTHIOS Ι.

 

610

Oap. IV .
15. — 2, 752. 7, 702. 12, 678.
20. —- 10, 221.

cap. v, 1 ss. - 7, 71. 10, 237.
2. - 1, 547. 2, 759. 7, 72.
4. - 1, 659. 2, 996. 906.

5 ss. - 1. 551. 650. 661. 2, 9093. 19,
526. 528.

7. - 1, 1025. 2, 1054. 9, 63.
10. - 5, 250. 9, 432.

11. — εξί4161. 2, 908. 7, 73. 9, 605.

12. -- 2, 896. 10, 260.
13. -- 5, 528. 7, 563. 17, 454.

Gap. VI. 1 96. - 1, 111541. 7, 86.

9. - 1, 884. 2, 474. 721. 5, 306. 9,
299. 9, 605. 614. 19, 673.

10. - 5, 530. 536.

11. - 1, 536. 759. 994. 1125. 2, 394.
503. 569. 721. 6, 393. 7, 556.
575. 9, 775.

12. -— 7, 208⁴. 9, 608. 10, 242.
13. - ἐῤ9443. 1071. 2, 738. 1071. 9,

15. - 1, 1002. 1125. 2, 503. 737 sq. 5,
248. 6, 71. 204. 547.

16. - 1, 499. 9, 29.
17. - 2, 588. 7, 697. 9, 773.

19. -- 1,1125. 2, 102. 503. 738. 5, 527.
9, 774. 13, 310.

20. - 2, 399. 737. 6, 570. 590. 7, 209.
9, 321. 9, 592. 614. 10‚162.

oap.V11.1. -— 2, 136. 6, 204. 9, 129.

2. - 1, 411. 2,297. 7. 214. 573. 9, 74.

3 ss. — 2, 915. 7, 572.

7. - 1, 410. 2, 296. 7, 42.

9.- 7, 599. 9, 439.

9. - 1, 411. 449. 2, 297. 938. 6, 497.

10. - g, ἐξ. 7, 572. 20, 560.
11. - 7, 214.

12. - 7. 573. 10, 240.

14. - 1, 971. 978. 2, 979. 986. 998. 5,
544. 6, 188. 7, 7. 62. 443. 678.
8, 338. 493. 9, 102. ¹3?

