 

 

Gap. 1.

Cap. 11.

Gap. 111.

Gap. IV.

(Asterium notamus eos textus ubi locun aliquis fusius tractatur.)

GENESIS.
2. — 2, 101. 109. 11, 491.
3. - 2, 145.
11. - ibid.
14. -- 7, 516.

21. - 5, 201. 7, 127.

26. —- 1, 643. 512.· 2, 1123. 137. 5,
ὲῗὲ. 515. 7, 112*. 347. 553. 9,

27. - 2, 136. 7, 214. 9, 636.

 

28. - 1, 510. 2, 133.
31. - 2, 795. 9, 291.

1. - 1, 479. 2,120.

7. -2, 139. 360. 7, 112.

17. -1, 456. 951. 2,40.2 955. 5, 203.
18. —- 2, 926.

22. - 1, 412. ἱ
23 - 1,1998. 2,347. 1999. 7, 573.
24. - 7, 213 sq.

1, 504. 2,127. 173. 7, 354.
3. - 1, 951. 2, 955.

15. -- &5ng 2, 129. 350. 7, 104.

19. - 5, 204. 6, 412. 7,128.
22. - 1, 946. 2, 949.

4. - 1, 760. 2, 579.

 

7. - 1, 368ὓ. 2, 244*.
10. — 1, 456. 2, 402.

Cap. IV.

Cap. VI.

Cap. VH.

Gap. VIII.

’ Cap. IX.

'Oap. XII.

Ξ Gap. XIV.

Ι Gap. XV.

Gap. ΧΠ.

Cap. XVII.

13. -- 1, 687. 2, 436.

26. - 8, 25.
3. - ὲ, 63633. 755. 2, 296. 564.

5. — 6, 265. 7, 9.
6. - 1, 900. 2, 165.
12. - 9, 670.

1. - 1, 270.
15. — 5, 201. 7, 127.

21. —1, 333. 335. 755. 2, 206. 208.
564. 7,.9 ·8,219'.

2. - 1, 519. 2, 133.
13. - 1, 951. 2,· 955. 5, 189.

1. - 6, 629.

3. - 7, 104.
17. - 2, 289.
18. - 1, 1924. 2, 1052.
22. - 7, 100.
1. - {331319 2, 339. 5, 211. 7,
2. - 2, 741.

4 sq. — 1, 793. 2, 605. 5, 338.
6. - 7, 453. ·
17. - 2, 955.

9., - 1, 499. 2, 121.
1. - 1, 793. 1127. 2, 605.

