623
Gap. V.

Cap VI.

’ Oap. I.

INDEX LOOORUM S. S. AD EPHESIos—AD PHILIPPENSES.

1. - 1, 1125. 2, 503.
2. - 2, 390. 10, 163.
6. sq. - 12,οὲ65. 2, 420. 7, 173. 193.

9.- 1, 777. 2, 587. 721.
.11. - 5, 265. 6, 552. 9, 620.

14. - 1, 370. 2, 246. 5, 205. 7,129.
17. - 7, 201.
20. — 1, 917.
22. -·6, 25.

23. - 1, 1125. 2, 503. 818. 7, 37. 9, 66.
24. -— 7, 31.

25. - 1, 540. 602. 1121. 2, 1115. 5, 522.
6, 39. 7, 213. 247. 560. 573.

26. - 1, 635. 958. 984. 1050. 1125.

2, 503. 954.3 962. 992. 5, 393.
539. 6,117. 7, 67. 9, 239. 718.

27. - 1, 1045. 2, 755.

29. - 6, 204.

29. - 1, 1098. 2, 1090.ὕ 5, 350.

30. — 1, 1002. 2, 347. 395. 6, 125.
7, 697. 8, 382. 9, 234. 479. 493.
521. 16, 579. 20, 73.

31. -- 1. 193.3 5, 544.

32. - 5, 543. 7, 213. 492. 639. 9,
479. 770. 773. 16, 579. 20, 73.

1. - 1, 407. 409. 2, 293. 2, 294.

2. - 5, 329.

4. - 1, 1121. 2, 1115.

9. -- ε13637054 2, 706. 5, 53. 7, 90. 219.
10. - 1, 362. 2, 236.

11. - 5, 196.

12. - 1, 503. 2126. 161. 7, 202.
13. - 9, 626. 9, 431.

16. — 1, 461. 2, 415. 636. 7, 332. 471.

17. - 5, 405.
19. - 2, 630.
19. - 2, 646.

6, 271. 7, 6. 9, 534.

AD PHILIPPENSES.

1. - 1, 506. 1099. 2, 792516.
4. - 1, 333. 2, 206.

 

Gap. 1.

Cap. Π. ‚

Cap. III.

“ 624

6. - 1, 340. 793. 2, 215. 604. 717.

5,197. 6, 289. 374. 7, 9. 8, 323. ,

325.-
8. - 7, 101.
18 ss. - 2, 433. 5, 219. 10, 206. 13, 310.

23. -- 1, 1146. 2, 526. 5, 197. 7, 29.
118* 133. 204 331.

29. - 2, 390. 7, 601. 8, 335. 10, 163.

19. 673.
3. -- 2, 509.
6. - 1, 495. 2, 99. 112. 8, 483. 508.

9, 370.

7. - 1, 519. 522. 523. 2, 99. 112.
355. 371. 7, 108* 9, 50. 9, 256.
672. 770. 10, 171.

8. - 1, 954. 2, 959. 5, 339.

9. -- 1, 533. 827. 2, 338. 365. 382.
· 391. 6, 35. 9, 231.

10. - 1, 733. 2,111. 355. 496* 9, 338.
351. 634.

11. - 9, 625.

12. - 1, 462. 793.
7, 203. 9, 322.

13. - 1, 342. 344. 2, 209. 215. 219.
221. 544. 6, 353. 395. 7, 9. 191.
ἑῇ.. 473. 9, 323. 325. 9,

16. - 12, 678.
17. - 2, 402. 7, 641.

2, 239. 416. 604

20. - 1, 604. 2, 821.
21. -- 7, 71.
27. - 5, 219. 7, 134.

2. sq. - 5, 296, 8, 113.
5. - 2, 720.

7. - 1, 739. 2, 545.

9. - 2, 730. 7, 449. 600.

9. - 5, 335. 7, 13. 449.

10. - ἄξω. 1136. 2, 390. 515. 595.

11. - 5, 191.

12. - 1, 635. 2, 954. 7, 359. 9,.166.
210. 627. 9, 622.

13. -. 1, 764. 2, 573.
14. - 9, 93.
15. - 1, 545. 2, 399. 756.

 

 

