561
Gap. XLIV.

Cap. XLV.

Cap. XLVI.

Gap. XLVII.

Gap. XLVIII.

Gap. XLIX.

Gap. LI.

Gap. LII.

Cap. LIII.

INDEX LOOORUM S. S. IESAIAS.

5. — 8, 448.
6. - 2, 110 seq.
8. -· 8, 384.
12. ·— 2. 77.
22. —- 2, 480.
25. - 7, 526.
1. - 1, 298. 2, 65.
4. - 1, 521.
5. —- 9, 400.
7. - 2. 161. 170. 7, 187. 35141.
8. - 8, 597.
9. - 2, 75.
16. - 9, 430.

19. —— 6, 269. 7, 172. 9, 533.

23. - 2, 99. 110. 5, 246. 6, 547. ’

7, 94. 9, 400. 613. 634*.
24. 3- 1, 484.
25. - 1, 752. 2, 560. 575. 5, 212.
5—2w
10. - 3, 130.
13. - 1, 539.
6. - 1, 725.
13. - 7, 526.
9. - 7, 469.
10. - 1, 725. 2, 434.
11. - 6, 570.
16. -- 2, 102.
6. — 9, 653.

15. — 1, 395. 924. 2, 159. 662.
13. f— 2, 737.
23. - 2, 1096. 7, 32. 3, 473.

6. - 1, 812. 2, 323.

16. -- 9, 659.

1. — 1. 592. 2, 810.

3. - 2, 477.

7. - 1, 563. 2, 778.

10 ss, — Ξὸ6247. 250. 6, 638. 9,
1. - 2, 61. 696. 8, 291. 299. 9,

25. 315. 658. 664.

Caluini opera. Vol. XXII.

 

562.

Oap. LIII.
3. —- 7, 110.

4. - 1, 713. 720. 1007. 2, 342. 478.
66231. 7, 555. 9, 664. 10,

5.Ι - 1, 527. 530. 722. 953. 2. 254.
342. 372 seq. 376. 389. 481. 6,
43616Ξ, 11. 469. 575. 9, 673.

6. - 1, 527. 530. 718. 720. 749. 885.
ἓ, {g}- 478. 557. 722. 6, 352.

7. - 2, 371. 9, 626.
3. - 1, 4323. 2, 363. 10, 162.
11. - 633²⁷¹³³³ 2, 372 sq. 540. 3,

12. - 6, 27.

13. - 2, 401.
Gap. LIV. 1. — 8, 448.
7. - 9, 306.
· 11. — 18, 622.
13. —- 1. 329. 2, 60. 202. 6, 396. 7,
226. 8, 274.
Cap. LV. 1. - 1, 323. 537. 772. 2, 194. 395.
582. 9, 669.

2. - 1, 765. 2, 574. 373.

3. - 2, 250. 401. 6, 269. 7, 6.
4. - 2, 362.

6. — 1, 694. 2, 450.

7. - 6, 370. 3, 340.

10. -— 8, 597.

Cap.Lv1. 1. — 1, 694. 1107. 2, 450.
2. - 1, 402. 2, 233.

3. - 8, 337.
7. —- 2, 657. ’
10. - 17, ἓέῡ. 1052. 2, 859. 5, 299.
oap. LVII. 1. — 5, 189.
6. - 8, 379.
10. —- 2, 77.
15. - 1, 750. 2, 558.
21. - 5, 207.

Oap. LVIII. 3. - 6, 393.

5. - 1, 669. 2, 917. 36

