 

'607

Gap. XII.
2. -- 2, 184.
3. - 1, 439. 970. 2, 926. 979.
4. - 1, 777.
6. - 1, 261. 541. 970. 2, 13. 979.

1033.
7. - 2, 782. 5, 353.

8. - ῗὸ95ἕ7. 648. 1103. 2, 782. 891.

10. - 2, 508.
19. ·- 1, 1114. 2, 1108. 7, 95. 243.
21. — 1, 1115. 2, 1109. 7, 77.

Gap. XIII. 1 sq. -- 1, 1103. 1105. 1116. 2, 623.
870. 1095. 1098. 1110. 5, 18.

8, 89. 7, 84. 244. 9, 720.

18, 701.
3. -- 1, 1107.

4. -- 1,1107. 1113. 1114. 2, 1101. 1107.

1108. 5, 854. 7, 77. 8, 478.
5. - 1, 1116. 2, 828. 889. 1110.
6. - 1, 1110. 2, 1104.

8. - 1, 422. 2, 804.

9. - 1, 424. 2, 307.
10. - 9, 590.
14. - 2, 530.
Gap. XIV. 1. — 1, 836. 2, 620. 10, 192.
4. - 7, 361. 14, 427.
5. - 1, 405. 2, 290.

8. 9. - 5, 197. 220. 7, 116.

10. - 1, 484. 733. 2, 99. 110. 497.
134,348.{7. 7, 196. 8, 105. 9, 368.

11. - 2, 787. 9, 351. 400. 634.
13. - 2, 620.

14. - 1, 888. 2, 617. 9, 805.
17. - 2, 364. 7, 41. 882. 8, 71.
22. - 2, 617.

23. — 1, 438. 452. 736. 773. 833. 2,
499. 583. 617. 925. 940. 975. 5,

519.
cap. xv. 1. 2. - 2, 820. 5, 278. 8, 588. 7,
281. 11, 887.
4. - 9, 819.

5. —- 6, 521. 7, 6.

INDEX LOGORUM S. S. AD ROMANOS-AD CORINTHIOS Ι.

 

608

Gap. XV. ·
8. 9. -- 1, 978. 2, 425. 986. 7, 61.
8, 484. 492. 630.
12. - 1, 487. 2, 101.
14. -- 7, 227.
16. -’- 9, 546. 12, 679.
18. - 12, 679.
19 ss. —- 1, 564. 7, 22. 702. 12, 675.
30. - 2, 646.

oap. XVI. 7. - 1, 585. 2, 780.
17. -- 19, 526. 528.
20. - 1, 508. 2, 180.
25. - 8, 280.
28. - 8, 295.
27. - 20, 882.

An CORINTHIOS 1.

2. — 7, 88.

7. 8. -- 5, 210.

9. - 9, 477. 480.

10. - 7, 582. 8, 825.

12. -ss 1, 447. 2, 936.

13. — 1, 715. 965. 2, 492. 989. 7, 39.
18. - 8, 254. 8, 13.

19. -. 14, 426.

m-mwam.

21. - 2, 247. 6, 125. 248. 12, 677.

Oap. 1.

679.
23. - 2, 724. 8, 800.
28. - 2, 707.

27. — 8, 355. 469.

80. - 1, 728. 778. 2, 882. 450. 481.
587. 588. 588. 5, 398. 7, 448.
558. 598. 9, 551. 757. 10, 166.

31. - 2, 560. 7, 555. 557.

1. - 8, 14.

2. - 1, 487. 2, 101. 343 sq. 363.
398. 7, 600. 9, 816.

4. - 1, 296. 945. 2, 61. 427. 752.
949. 6, 237. 7, 6. 12, 679.

6. - 8, 626.
7. — 1, 457. 8, 565.

8. — ὲ, {32 1008. 2, 51. 354. 1031.

Gap. H.

 

