 

 

 

 

 

 

 

 

 

 

 

 

 

 

 

 

 

 

557

Oap. V.
Cap. VI.

Gap. I.

Gap. 11.

Oap. 111.

Cap. IV.
Gap. V.

Cap. VI.

Cap. VII.

INDEX LOOORUM S. S. OAN'PIOUM-IESAIAS.

OAN'I'IGUM.
3. — 1, 778. 2, 589.

9. - 7, 560.
IESAIAS.

3. - 1, 264. 2, 15.

5. — 2, 485.

6. - 1, 549. 7, 69.

9. - 5, 529.

10. - 2, 760. 9. 674.
12. - 1, 760. 766. 2, 674. 7, 608.
13. - 1, 406. 2. 291. 569. 9, 610.
15. - 2, 631. 9, 610.
16. - 1, 690. 2, 439. 7,
18. - 1, 722. 2, 430.
19. - 1. 363. 2. 237.

3. -- 5, 245. 393. 6, 545. 7, 34.
4—zw.
3. - 2, 77.

1, -- 2. 160.
4. - 1, 1113. 2, 1112.
14. - 1, 1104. 2. 1097.

1. — 1, 916. 2, 660.

4. - 9, 306.

8. - 1, 834. 2, 613.

14. - 6, 223. 290.

20. - 7, 196. 400. 9, 277.

26. - 1, 433.

26. - 1, 364. 2, 163. 227. 7, 139.

1. — &3428AE 2, 99. 110. 9, 366. 400.
2. - 2, 33. 76.
5. - 1, 281. 629. 1041. 2, 33. 848.

9. - 1, 433. 336. 2, 103. 709. 723.
7, 172. 3, 291*. 326. 340.

1 sq. - 1, 899. 2, 164.
4 sq. -· 2, 412.

14. -- 1, 517. 2, 250. 7, 105. 107.
9, 660. 800.

11.

 

Gap. VH.

Cap. VIII.

Cap. IX.

Gap. X.

Oap. XI.

Cap. XII.
Cap. XIII.
Cap. XIV.

Gap. XIX.

553
18 41.- ἒ73364. 2, 227. 7, 475. 9,
6. - 9, 664.
10. «- 6, 220. 7. 44.
12. - 1, 270. 2, 21. 7, 43. 8, 78.
13. - 6, 262. 16. 904.
14. - 1, 484. 2, 98. 110. 9, 634.
16. — 2, 696.

17. — 1, 476. 635. 2, 433. 10, 171.
13, — 8, 298.
20. - 6, 210. 6. 270. 7, 6. 9, 534.

5. 6. - 1, 483*. 515. 2. 96. 362. 390.
563. 5, 199. 9, 660. 663.

13. - 1, 349.

1. - 1. 1121. 2, 1115.

6. - 1, 1113. 2, 168. 1112. 6, 267.
7, 476. 9, 264. 300.

9. -- 2, 169.

15. - ἑὲὶῗ54. 897. 2. 227. 6, 257.
22. - 5, 529. 9. 658.

1. -- 7, 105.

2. - 1, 514. 1031. 2, 365. 1032. 5,
336. 7, 667. 628.

3. -— 2, 213.

4. - 2, 12. 103.

9. - 1, 1107. 2, 1100.
10. - 1, 487. 2, 101.
12. -- 9, 306.

l. — 1, 725. 2, 483.

3 83. -- 1, 896 seq. , 9, 308.
1. - 2, 684.

7 sq. -— 5, 208.

9 sq. —— 5, 229. 7, 138.
18 sq. -— 7, 130.

27. - 1, 902. 2, 167.
32. - 8, 445.

12. - 7, 526.

14. -— 9, 585.

18. - 2, 283.

