 

 

 

 

625

Gap. ΠΙ.

Gap. IV.

Gap. L

omn.

INDEX LOOORUM S. S. AD PHILIPPENSES-AD OOLOSSENSES.

20. - 1,1005. 2, 730. 1026. 5,196.

7, 120. 122.

21. ·- 1, 681. 1007. 2, 731. 733. 739.
1029. 9, 34. 79. 175. 224. 770.

13, 309.
3. - 2, 720.
6. - 2, 655. 665.
8. - 10, 237.

11. - 1, 335.
12. - 1, 1151. 2, 531. 619.
18. - 1, 1032. 2, 1063.

AD COLOSSENSES.

4. - 1, 794. 303. 2, 314. 605.

5. - 2, 729. 18, 623.

9. - 1. 333. 2, 206.

12. - 1, 866. 2, 688.

13. - 2, 534.

14. - 1, 723. 2, 389 481. 583. 10,162.

15. - 1, 521. 2, 27. 251. 342. 346.
354. 357. 5.199. 6, 23. 9, 338.
16. - 1, 498. 501. 2, 121. 124. 346.

17. - 1, 521.

18. - 1, 602. 2, 346. 818. 5,191. 6,

25. 7, 37.
19. -- 1, 575. 9, 340.

20. - 1, 501. 2. 124. 387. 479. 583.

9, 256. 10, 161.
21. - 1, 758. 2, 368. 6, 383.
23. - 7, 6.

24 - 1, 1673. 660. 7163. 2, 493* 9, 226.
26. - 1, 457. 939. 2, 409. 942. 8,

260. 9, 245.
23sq. - 3, 626. 12, 673sq.
2. — 2, 409.
3. -1,.632 10428. 2333. 343. 362.
408. 543. 8,15.

4.- 1, 856. 2, 885. 6, 473.
7. - 7, 601.

3. — 5, 395.

9. - 1, 487. 822. 1007. 9, 340. 10, 175.
10. - 2, 313. 7, 37. 9, 333.

Gabini opera. Vol. xxn.

 

Cap. 11.

Gap. ΠΙ.

Gap. IV .

626

11. - 1, 602. 955. 975. 2, 959. 983.
9, 591. 603.
12. - ὲὲο983. 2, 733. 964. 991. 3,

13. — 1, 346. 435·ε 713. 2, 265·ε 477.
5, 205, 9, 717.
14. — 2169374. 339. 610. 6, 473. 10,

16811. - 1, 404bis. 1061. 2, 289 sq.

7,4.1 208.404.9,543.

17. -Ξ, ἓὲἓ. 958. 5, 329. 6, 478

18. - 2, 873. 5, 401. 9, 17. 482. 487.
19. - 2, 361. 6, 65. ·

20. — 1, 847. 1071. 2, 873. 876. 1071.
7, 615. 662. 9. 543.

23. - 1, 438. 846. 2, 875. 925. 6,

464 bis. 479. 7, 40. 42. 404.
1. - 1, 375. 1005. 1012. 1125.
2, 503. 587. 1039. 7, 222. 462.

9, 770.

3. - 1, 465. 528. 2. 374. 420. 729.
5,193. 212. 336. 7,122. 132.
222. 9, 593. 14, 424.

4. - 2, 731. 5, 212.
5. 88. - 1, 532. 7, 203. 360. 9, 614.
9. - 1, 308. 960. 2, 138.

10. - 1, 690. 1128. 2, 345. 440. 5,
181. 7,11. 347.

11. - 1, 1101. 2, 1093.
12. - 8, 341.

14. - ἐ, affl. 798³* 2, 934. 5, 545.
, .

16. - 1, 921. 2, 659. 7, 227.
18. - 6, 204.

19. - 7, 213.

20. — 1, 407. 2, 293. 605.
22. 23. - 1, 793. 1101.

25. - 2, 706. 8, 304.

1. - 5, 53. 7, 90. 219.

3. - 2, 646.
12. -- 8, 626.
14. — 7, 245.
17. -- 1, 566. 1088. 2, 782. 5, 283.

40

