 

 

497 1171).th vocum GRAEOARUM err-1101. 493

Εὸταξία 21, 131.

Εὑεραπελία 11, 493.

Εόχαριστία 12, 723. 15, 261. 20, 573.
Ειῖχαριστικός 1, 137. 1030. 1032. 2, 1060 sq.
mmo.- 2, 524.

Ἐχθρὸς 16, 84.

‘Euius- 20, 213.

Ζεσεῶς 11, 451.
Ζητῆματα 18, 750.
Ζῶον 7, 665.

Η.

Ἡγεμονικόν 2, 142. 6, 285.
Ἠθοποιΐα 5, 18.

Θάνατος 5, 36.

Studeamus 9, 788.

Θεολογεῖν 20, 259. 581.
Θεομαχεῖν 14, 245. 20, 375.
Θεομαχία 12, 185.

Θεὸς α’πδ μηχανῆς 18, 301.
Θεοσέβεια 11, 594.

Ofens· 16, 449.

Θετοκῶς 10, 237. 18, 741. 19, 110.
Θεόρημα 5, 304.

squammae.- 6, 623.
Θροαμβειΐω 20, 365.

evoca 1, 1030. 2, 1060.
Gabini opera. Vol. XXII.

 

’ἱατρός-5, 36.
Ἱδιογνώμυν 21, 135.

mama 1, 520. 2, 858. 7, 314. 8561. 9, 707.
15, 889. 18, 188. 20, 74.

Ἱεροδέσμιοι 17, 81.

εἱλασμός 2, 387. 10, 160.
Ἱλαστήριον 2, 374. 389. 10, 162.
Ἰλιᾰς κακῶν 12, 555.

K.

Καθάρμαια 1, 527. 2, 878. 20, 412.
ammam 11, 242. 250. 18, 188.

Κακοζηλία 1, 143. 449. 670. 823. 852. 1070. 2, 881.
918. 937. 1071. 11, 705.

Κακόζηλος 1, 967. 2, 334.
Κακολόγητος 11, 467.

Κακόλυκος 20, 377.

Καρδιογνώστης 16, 245.

Καταιγὶς 19, 509.

Κατάραιος 20, 185.

Καταφατικῶς 16, 137.

Κατάχρησις 1, 454. 2, 405. 409. 6, 350.
Καταχρηστικῶς 1, 997. 2, 694. 1014.
Κατηρτισμένος 8, 626.

Κατῆχησις 20, 259.

Κατηχοιῖμενοι 11, 539. 655.
Κατόρθωμα 14, 93.

Καχέπης 5, 36.

Κειμήλιον 20. 356.

Κενοδοξία 11. 429. 13, 355.
Κενοφωνία 12, 689.

Κεραυνοβόλος 12, 430.

Κοιμᾶσθαι 5, 208. 32

