 

611
Cap. VII.

INDEX Looomm 8. 8. AD mammos 1. , . 812

18. - 9, 803.
20. 7, 83.
21. -- 1, 1101. 2, 1093.

23. —- 1, 1124. 2, 1118. 7, 615. 661.

8, 381.
25. - 9, 439.
29. - 1, 1150.

30. — 2, 529. 531. 7, 219.
32. - 5, 559. 7, 588. 662.
34. - 1, 411. 2, 297.

35. - 1, 840. 1039. 2, 868. 6, 498.

7, 40.

Gap.VHI—X. - 9, 608.st 11, 337.

Oap. VIII. 1 88. -- 1. 855. 2, 884. 5, 250. 6,

Gap. IX.

Gap. X.

548. 9, 606ὓ.

4 88. —- 1, 1057. 7, 181. 9, 605*.

20, 332.

5. -- 1, 485. 2, 99. 388. 9, 328 sq.

8. - 1, 517. 2, 355. 5, 338.
7. 8. — 1, 1057. 8, 563.

9. - 1, 836. 1057. 2, 620.
10. - 8, 644.

11. - 9, 808*.
13. - 9, 817³.
1. - 1, 784. 2, 574.

2. - 2, 752. 12, 678.
4. — 9, 808.

5. —- 1, 413. 2, 922. 7, 209ῧ. 663.

669.
9. - 8, 518. 8, 348.
11. - 12, 675.
13. - 9, 477.

16. - 1, 588. 2, 781.

17. - 5, 288. 289. 7, 559.

19. -- 1, 837. 2, 821. 7, 355.
20. - 1, 1083. 6, 562. 9, 601.
22. - 1, 837. 2, 621.

24. - 7, 462.
27. - 8, 332.
- 1, 804³.

1. — 5, 214.

 

Gap. X.

2. — 1, 982·. 2, 988. 7, 125.
3. -- 1, 954. 2. 958. 7, 493. 824. 8,
320„ 9, 82·. 482. 778.

4. - 1, 998. 2, 98. 1014. 1020 sq. 7,
824. 9, 35. 181. 185. 10, 154.

5. 6. -— 1, 461. 955. 2, 416. 959.
7. - 9, 609. 612.

9. —- 1, 482.

11. - 1, 804. 7, 195. 9, 609.

12. -- 1, 461. 472. 881. 2, 418. 430.
717. 7, 465. 19, 873.

13. - 1, 934. 2, 674. 6, 103.
14. 15. - 5, 249. 9, 609.

16. - 1, 1014*. 2, 1021. 1041. 1057. 7,
14. 9, 65. 242. 437. 719. 12,
417. 463. 474.

17. -- 1, 996, 2, 1013. 6, 489. 7, 560.
569. 696. 9, 437. 10, 212.

20. - 5, 266.
21. - 8, 549. 5683. 9, 609.

23. - ὲὲ1837. 2, 621. 7, 208. 10,

25. »- 1, 836. 2, 620. 9, 607.
28. - 1, 841. 2, 624. 870. 9, 542.
31. - 2, 668.

32. - 9, 617.
Gap. XI. 1. — 9, 619.
2. - 1, 1063.
3. - 9, 638.
4. - 1, 1083. 2, 1085. 9, 588. 607.
7. -- 2, 139.
8. - 10, 173.
14. - 10, 237.
16. - ῗὸ 812} 1064. 2, 890. 9,.607.

19. - 7,149. 8, 49. 9, 484.
20. - 1, 1035. 2, 1060.

23. - 1. 1011. 2, 1039. 7, 17. 625. 9,
438. 788.

24. - 2, 1003*. ¹018. 7,18. 9, 242
591. 788.

25. — 1, 992. 7, 625. 12, 474.
26. - 1, 1013.
27. - 9, 522. 10, 258.

 

