603

Gap. V.

13. - 5, 521. 7, 353.

19. — 1, 309. 523. 745. 954. 2, 178. 371.
388. 536. 539. 545552. 958. 7,

INDEX LOOORUM S. S. AD ROMANOS. 604

449. 8, 539. 10, 161. 166, 168.

20.· - 1, 361. 429. 2, 234. 258. 6, 347.
21. - 5, 206.

Gap. vl. 1. — 2, 27.

2. - 5, 205.
3. - 1,1113.960. 2, 964. 5, 339.

4. -— 1. 403. 689. 983. 1071. 2, 289.
438. 991. 1071. 5, 35οἐ,53222ό g:

{3911OE 7, 703. 704.

5. - 1, 528. 532. 2, 374. 5, 336.

6. - 2, 537. 6. 65. 393. 7, 11. 60.

501.
7. - 9, 717.
8. - 5, 329. 340.

. 9. - 5, 206. 7, 122.
12. -· 1, 350. 832, 2.· 443. 616. 5, 339.

520. 7, 359. 461. 19, 673.

13. - 2, 738. 7, 559.
14. - 5, 519. 7, 203.

15. - 2, 27.

16 sq. - 6, 279. 293. 307.

18. - 1, 777. 1125. 2, 587.

19. - 1, 884. 2, 721.

20. - 8, 343.

23. - 1, 426. 721. 769. 2, 308 sq. 479.

578. 5, 203: 7, 128. 351.

Oap.v11. 1. -- 7, 357.

4. - 7,· 233. 9, 617.
6. -- 1, 351.

7. - 1, 361. 429. 9643. 2, 234 257.
441. 445. 6,103. 356. 7, 67. 463.

10. - 9, 716.

31.-6,348.

14.,.-1349376. 2,.271 6279. 7,

205. 9,3.12

15. - 1, 334 2, 2083. 7, 357.
18. - 6, 265. 352. 7, 204. 426.
19 ss. - ᾗ 334. 2, 203³. 7, 461. 9,

8. 622.

22.-2,208.

 

Gap. VII.
232 — 6, 279. 7, 119. 557.
24. - 1, 1146. 2, 526. 542. 969. 5,

194. 7, 204. 331. 426. 460.

25. - 1, 347, 8, 219.

Gap. vm. 1.- 1, 721. 2, 479. 5, 206. 522. 7,

, 129. 204. 359. 425.
2. —— 1, 346. 5, 519.

3.,-1428. 468. 527. 720 754 2,
257. 343. 348. 352. 373. 425’
478. 548. 552. 5, 524 7,109.
45} 8, 633. 9 '312 10’ 168.

4.--1‚347. 7‚452.
6.-1335,690. 2,209,.439 79.

7,.8-2,184. 5,.519 6,..265352
7, 233. 554. 8,171.219, 324.

9,-1,490.1004. 2,..105395430.
9,..401774

10.-1,309.463. 2,181,395,418.
5,194. 7, 121. 357. 360.

11. - 2, 395. 738. 9, 774. 13, 309.
13. - 7, 203. 19, 673.
14. - 1, 471. 2, 429. 8, 322. 9, 774.

15. - 1, 824 878. 1031. 2, 335. 357.
395. 711. 1082. 6, 466. 7, 456.
464. 602. 9, 623. 718. 10, 164.

16. -- 1, 471. 2, 430. 5, 183. 196.
{33 5εξῖά466. 7, 113. 120. 222.

17, - 1, 493. 2, 341. 7, 462. 557. 8,
318. 9, 490. 628.

18. -- 1, 795. 2. 606. 7, 582. 8, 23.
-19, -- 1, 1147. 2, 527, 730. 7, 225.

20. — 6, 37.

22. - 2, 179. 743. 6, 259. 7, 119.
329. 33οῆ

24. - 1, 474. 475. 684. 2, 431. 433.

25. - 7, 465.

26. ῖ- ξ1119903. 905. 2, 625. 629. 729.

27 88.θ ·-·- 8. 96.

23. —8, 217. 307³. 31¹9. 345.

29. --· 1, 346. 353. 775. 1136. 2, 231.
350. 393. 515. 585. 711. 5, 549.
6‚.23 39. 7,.89 195480, 8,
2103415398.

