491

Ἀνάγκη 11, 595.

muscatam& 5, 112.

Ἀναιδῆς 19, 313.

Ἀναίματος 2, 1055.

Ἄναισχυντία 19, 313.

Ἀνακεφαλαίωσις 1, 799. 2, 611.
Ἄνοὶκλασις 5, 95.

Ἀναλγησία 5, 157. 14, 167. 15, 692.

'Ah-ciamus· 20, 581.

Ἀναλογία 5, 32.

Ἀναμάρτητος 6, 309. 313.

Ἄναπολόγητος 15, 507.

Ἀναπιρρῆτως 6, 630.

Ἄναρχία 18, 721. 19, 13. 20, 110. 149. 292.

’Ammaous 11, 461.
Ἀνεξερεῦνητος 5, 181.
Ἀνθρωποὶρεσκος 19, 186.
Ἀνθρωποκτονεΐν 13, 540.
:mqmmfflg 5,181.
’Ἄνθρωπος 2, 998. 7, 665.
Ἀνόμοιος 19, 543.
Ἀντιγραφεΐς 5, 127.
:antemos 11, 759. 16, 374.
Ἀντίδωρον 10 b, 361. 11, 542.
Ἆπικατηγορία 11, 35.
'Antandron 15, 619.
Ἀναλογία 9, 537. 15, 476.
’Annam 18, 709.

Ἀπιλπρον 1, 169. 723. 2, 874. 889. 481. 10, 162.
Ἆηιωπος 1, 413. 2, 922. 9, 487. 15, 493. 13,

771.
Ἀντίχριστος 10 b, 396.
Ἀωπόκρως 18, 539 ές. 649.. 16, 49.
Ἀνιόνυμος 9, 530. 19, 508.
’Ana-969 14, 262.

INDEX VOCUM GRAEOARUM ἈΝΑ-ἈΤΑ.

 

492

:Ana-9101 14, 167.

Ἀπανθρώπως 20, 185.
Ἀπερίγραπτος 16, 578 sq. 612.
Ἀπογραφὴ 12, 625.

Ἄποθέωσις 12, 613.
Ἄποκαραδοκία 12, 57.

Ἂπὲἔιγὶτρωσις 1, 169. 173. 723. 728. 2, 374. 481.

Ἆπόῥρητος 101), 315. 16, 261. 18, 291.
Ἀποσυνάγωγος 19, 481.

>indulsum 15, 100. 619.
Ἀποτομία 16, 708.

'autopat-259 16, 137.
Ἀπροςδιόνυσα 19, 340.

’ἰάπτεσθαι 1, 847. 2, 876. .
Ἀρεστός 5, 105. 11, 438. 19, 530.
Ἄρκτου 12, 639.

Ἀρκτόλυκος lob, 418.

Ἀρῤαβιόν 1, 537.

Ἀρὲἒκὲιργεδιέ 9, 468 sq. 516. 14, 306. 15, 263. 313.

Ἀρχέκακος 15, 301.
Ἀρχιγραμματεῦς 11, 216. 19, 303.
Ἀρχῦς 19, 69.

Ἀσαφῶς 12, 429.

Ἀσέβεια 15, 720. 20, 400.

μ ’Δωρὶς 15, 838. 20, 276.

’Ἀσημος 11, 493. 12, 429.

Ἄσκοπος 1, 1135. 2, 514.

’Άσοφος 11, 540.

usuardo,- 15, 68..

’Ἀσπορος 2, 351. 10, 169. 175.

Ἅστατέω 12, 649.

Ἀστοργία 9, 576.

’Ἀστοργος 5, 498. 9, 552. 18, 331.

Ἀταξία 1, 349. 2, 442. 6, 362. 515. 10, 207.

 

