 

 

 

545

ΡΒ. XXXVI.

mDEx Looomm Β. Β. PS'ALMI.

10. - 1, 328. 2, 201. 9, 669.

Pe. mvn. 7. - 2, 428.

ΡΒ. XXXVIII. 2. - 1, 725.

ΡΒ. XXXIX.

ΡΒ. XL.

ΡΒ. XLI.

ΡΒ. XLII.

ΡΒ. XLIII.

ΡΒ. XLIV.

ΡΒ. XLV.

ΡΒ. XLVI.

2, 483.

6. - 1, 707. 2, 469.
8. - 7, 415.
10. -- 2, 160. 8, 862.
18. - 1, 812. 2, 323.
14. - 2, 642. 5, 228. 7, 137 naqa
4. - 1, 918. 2, 654.
6. - 2, 154.
7. - 8, 292.
9. - 2, 371.
11. - 2, 403.
18. - 2, 48.
5. — 1, 909. 2, 637.
9. -·- 5, 207.
— 8, 411.
8. - 2, 1019.
5. - 1, 701. 2, 463. 6, 6122
6. - 2, 412.
- 6, 219.
3. - 9, 84.
4. - 6, 631.
5. - 2, 412.
6. - 8, 411.
4. -- 2, 684.
21. - 2, 653.
28. - 8, 402.
- 11,675 688.

7. - 1, 483. 2, 96. 348. 9, 660.

8. - 1, 514. 2, 365. 1101. 5,
191. 6,19. 9, 672.

11. - 1, 266. 2,18. 8, 449.
12. - 5, 196.

—- 6, 211.
3. -·- 2, 428.
5 sq. — 1, 541. 2, 748.

10. - 8, 82.

cam opera. Vol. xxn.

 

ΡΒ. XLVII.

5. - 2, 683.

Ps. xhvm. 11. - 1, 927. 2, 666.

ΡΒ. XLIX.

ι ΡΒ. L.

ΡΒ. LI.

ΡΒ. LII.

ΡΒ. LIII.
ΡΒ. LV.

ΡΒ. LVI.

ΡΒ. LIX.
ΡΒ. LX.
ΡΒ. LXI.
ΡΒ. LXII.
ΡΒ. LXIII.

7 sq. — 1, 813. 2, 325.

9 sq. -- 7, 1873.
19. - 5, 178.
12. -’- 7, 576.

14. - 9, 635. 759.

15. - 1, 910. 917. 1013. 2, 637 sq.
654. 5, 344. 6, 89. 7, 28.

16. - 9, 624.
23. — 1, 1033. 2, 1068.

3. -- 1, 702. 2, 464.
5. 6. - 2, 170. 543. 700. 5, 532.

7, 352. 8, 306.
7. - 1, 308. 2, 180. 448. 633. 988.
7, 353. 9, 716.
8. - 1, 980.

12. -— 1, 342. 2, 207. 209. 218. 6,
176. 367. 378. 7, 9. 444. 556.

17. -·- 2, 654.
19. - 2, 643. 5, 532. 6, 366. 7, 641.

7. - 5, 224. 7, 136.
8. - 2, 652.

10. -- 1, 813. 2, 324.
11. - 5, 228. 7, 137.

1. -- 2, 39.

12. - 10, 246.
16. - 5, 228. 7, 136.
23. - 1, 813. 895. 2, 159. 824.

5. - 1, 899. 2, 164.

10. - 2, 636.
18. -- 1, 440. 2, 928.
14. - 5, 224.
11. - 2, 222.
14. - 6, 369.

, 9. —- 1, 440. 5, 228. 7, 137.
«10. - 1, 336. 2, 210.

4. - 1, 466. 791. 2, 421. 602.
12. - 7, 94. 35

