555

Cap. IV.
Gap. V.
Cap. VIII.

Gap. IX.
Cap. X.

Cap. ΧΠ.

Gap. XIII.
Gap. XIV.

Cap. XV.

cap. xvl.

Cap. XVII.

Gap. XVIII.

Cap. XIX.

Gap. XX.

INDEX LOOORUM S. S. PROVERBIA—EOOLESIASTES.

18. —-5, 197.
15. - 9, 595.
14 seq. -· 1, 1103. 1105.

22. - 1, 481. 2, 95. 8. 487. 663.
665.

10. - 1, 464.

7. -- 1, 814. 2, 325.

12. - 1, 723. 728. 2, 482. 488.

14. - 1, 792. 2, 603.

28. - 1, 791. 2, 602.

13. - 1, 792. 2, 603.

21. - 1. 787. 2, 598.

26. - 1, 767. 2, 577.

8. - 1, 760. 2, 569.

33. - 1, 464. 2. 419.

1. - {8789st 2, 149. 6, 389. 7,

2 - 1, 749. 2, 556 7, 187. 482.

4 2 703. 7,187. 8,145.148.

293. 2963. 9, 291. 294.
6. - 1, 723. 728. 2, 482. 488.
9. -- 1, 892. 2, 157. 6, 256.
12. - 1, 1108. 2, 1101.
14. — 1, 1124. 2, 1118.

33. - 1, 890. 2150. 7,187. 8, 358.

11. 15. -- 1,,1108. 2, 1101.
22. -- 7, 198.
27 sq. — 9. 625.

10. - 1, 487. 2, 101. 638.

14. - 5, 276. 6, 556.
17. - 1, 797. 2, 608.

7. - 1, 791. 2, 281. 602.

8. - 1, 1108. 2, 1101.

9. - 1, 753. 2. 561.

12. - 1, 356. 2. 229.

20. - 1, 407. 2, 293.

24. - 1, 890. 2, 149. 8, 351.

26. 28. -- 1, 1108. 2, 1101 sq.

2, 1095.
1098. 5, 353. 7, 88. 244.

 

556

Gap. XXI. 1. - ’1. 356. 1121. 2, 168. 229.
1115. 6, 375. 8, 357.
2. *- 1, 749. 2. 556.
30. -- 7, 44.
Gap. XXII. 2. - 2, 150.

28. - 1, 266. 2', 18.

Gap. xxw. 21. - 1, 1116. 2, 1110.
24. - 1, 1108. 2, 1101.

2. - 2, 681. 5, 333.

4 sq. — 1. 1108. 2, 1101.
21. - 1, 424. 2, 306.

27. - 1, 863. 2, 681. 7, 194.

Cap. XXVI. 10. - 2, 701.

Gap. XXVIII. 2. - 2, 1114.
5. - 7, 238.
14. -— 1, 462. 2. 417. 7. 202.

Cap. XXIX. 18. -- 1, 260. 2, 12.

Gap. XXV. ,

cap. xxx. 4. - 2, 359. 8, 521. 535.
5. - 2, 410.
6. - 1. 850. 1047. 1051. 2, 879.
EOOLESIAS'PES.
Gap. 111. 18 ss. - 1, {1373 2, 429. 5, 208.
21 - 2, 734
Oap.V11 3. - 9, 716
29. -1‚3.12 370. 2, 184. 245. 7,
347.
cap. lx. 1. - 1, 470. 754. 2, 429. 562. 5,
209. 7‚130.
2. 3. - 5, 209.
4. - 2, 734. 7, 131.
5. 6. - 2, 650.
Cap.X11. 1. - 8, 622

7. - 2, 135. 5, 186. 210. ·‚7 112.
115. 131. 221. 8, 608.

