 

INDEX LOOORUM S. S. MA'PTHAEUS.

577
Cap. VII. -
11. - 1, 924. 2, 662. 6, 93.
12. - 1, 422. 2, 305.
13 eq. -— 6, 643.
15. - 1, 345. 1060. 2, 865. 5, 410.
17. - 6, 45. 7, 475.
19. -—- 7, 558.
22. - 8, 54.
24. - 5, 530.
29. —- 1, 1043.
Gap. VIII. 4. - 1, 698. 2, 459.
10. —- 2, 409.
11. - 1, 317. 2, 328. 984. 7, 563.
12. - 1, 683. 2, 744.
25. —- 1, 461. 2, 415.
29. - 1, 507. 2, 131.
Cap. IX. 2 88. - ὲ, gg. 2, 408. 468. 487. 633.
4 88. - 1, 486. 521. 2, 100.
8. -- 5, 192.

Gap. X.

12. — 2, 343. 7, 680.
13. - 1, 694. 757. 2, 450. 567.

27. - 7, 105.
29. —- 2, 434. 475.
84. - 2, 453.
35. - 2, 310.
37. - 12. 472.

5. - 1, 327. 2, 333.
7. - 8, 488.
8. - 1, 433. 2, 100.

' 9. - 2, 746.

18. - 7, 173. 201. 9, 325.
18. - 2, 459.

19. — 3, 334. 14, 423.

20. - 1, 1072. 2, 1072. 12, 472.

22. - 8, 21.

24. - 5, 215.

23. - 2, 188. 737. 5, 134. 7, 114.
29 sq. - 1, 512. 395. 2, 145. 149. 159.

8, 348 seq.
31. — 9, 615.
32. -- 7, 209. 8, 401.

Gazam opem. ναι. xxm.

 

Gap. X.

Cap. XI.

Cap. XII.

578

88. - 1, 878. 2, 735? 8, 558. 821. 7,
78. 8, 401. 9, 808. 815 sq.

34. - 8, 40. 9, 663.

89. - 5, 252.
40. - 5, 351. 3, 111.

5. - 1, 394. 2, 450. 453.

8. - 8, 9.

11. - 2, 312.

13. -, 1, 822. 825. 2, 333. 333. 9,

433.
21 sq. - 8, 8878. 8, 170. 213.
24. - 2, 335.
25. -, 1, 488. 2, 428. 19, 373.
27. - 1, 477. 330. 1042. 2, 343.
23. - 1, 751. 300. 2, 553. 5, 573. 3,

337. 9, 315.

29. - 2, 312. 8, 50.
30. - 7, 431.

3. — 9, 539.

7. -- 5, 543.

9. -- 9, 539.

20. - 17, 453.
23. - 7, 105.

24. - 1, 379. 2, 453.

29. — 2, 123.

31. — 1, 878. 2, 103. 452.
32. -- 1, 732. 2, 493. 5, 530.
40. -- 5, 193.
43. — 1, 504. 2, 127.
50. - 9, 279.

Gap. XIII. 3. —- 8, 21.

4 sq. -- 1, 945. 2, 949.

7. -- 2, 1035.
9. - 2, 709. 8, 292.

11. - 1, 337. 2, 724. 7,171. 3, 291.
13. - 9, 299.

14. - 7, 172. 3, 290.

13. - 2, 809. 9, 488.

17. -- 1, 322. 2, 333.

19. - 7, 332.
23. - 2, 725.

37

