635
Gap. ΧΠ.

INDEX LOOORUM S. &AD HEBRAEOS. *ER PETRI Ι.

9. -- 2, 136. 5, 132. 7, 113.
12. — 1, 680. 2, 454.
17. - 5, 531. 3, 346.
13. - 1, 324. 2, 335.
22. - 1, 501, 2, 124. 5, 182.·
28. -- 2, 735. 7, 113. 8, 626.

Gap. XIII. 2. - 1, 771⁸: 2, 581.

Oap. I.

Cap. II.

4. - 1, 412. 413. 647. 2, 866. 922.
926. 5, 330. 6, 204. 497. 7,
578. 588. 668.

7. - 5, 549.

8. -- {1532 304. 2, 815. 5, 19911. 7,

18. - 8, 393. 397 sq.

15. -— 1. 1033. 2, 655. 1063.
16. - 1, 1032. 2, 488. 510. 581. ’1063
17. -- 2, 136. 864. 7, 565.

ΕΡ. ΙΑΟΟΒΙ.

2. - 1, 933 ms. 2, 678.
4. - 8, 626.

5. - 2, 685.
6. -- 1, 908. 6, 482. 7, 28. 456. 8,
688. 9, 759.-

12. - 1, 737. 2, 598.

13. - 2, 674. 9, 280.

14. - 1, 988. 2, 678. 674.

15. - 1. 850. 2, 448.

17. -- 1, 330. 2, 96. 203. 8, 364. 9,

262. 280. 809.

21. - 2, 1024.

5. -ss- 2, 706.

9. - 1, 875.

10. -- 1, 761. 802. 2, 570. 612. 7, 284.
458. 472.

11. 12. - 5, 269. 6, 567.

18. - 7, 360.

14 sq. - 2. 403. 598³.
19. - 1, 455. 2, 406.
20. -- 7,.558.

21. - 1, 78711. 8, 685

 

Gap. ΙΙ .

22. - 7, 597³.
24. -- 7, 459.

Cap. ΙΙΙ. ’2. - 8, 626.
Gap. IV. 3. — 2, 631.

Gap. V.

Gap. Ι.

6. - 1, 323.
3. - 2, 446.
11. - 1, 343. 1045. 2, 872. 7, 861.

12. - 7, 40. 861. 480. 499. 615. 662. 8,

2, 194.

71. 9, 760.
13. - 1, 918.
14. ·-- 2, 654.

12. - 2, 236. 7, 93.

14. - 1, 177. 1078ΰ. 2, 1079ὓ. 7, 21.
570. 631.

15. ·- 1, 1081. 2, 635. 1081.

16. - 1,· 699. 703. 2. 460. 465. 653.
7, 333. 582. 652. 658.

17. - 1, 917. 2, 651.

ΕΡ. PETRI Ι.

2, - 1, 759. 2, 894. 568. 692. 7, 602.
3, 210. 272. 337.

3. ..- 1, 581. 2, 880.
,4ῌ2Μ1 ,

5. - 1, 685. 2, 488. 605. 7, 471.
7. ψ 1, 1137. 2, 517. 3, 399.

3. - 2. 729.

9. - 2, 136. 606. 5, 182. 7, 112.
10. - 2, 809. 9, 340.

11. — 1, 431. 2, 95. 10, 154.

12. - 2, 809. 884. 8, 858. 640.
18. -- 8, 626.

15. - 2, 508.Ι .

16. - 1, 1124. 2, 502. 9, 278.
18. - 1, 931. 2, 889. 9, 758. 10, 162.

19. —- {621125 2, 503. 6, 37. 117. 10,

- 20. - 1, 1086. 2, 1065.

21. - 2, 380. 433.

“ 22. -- 2, 240. 5,182. 7,112.

 

