 

601
Gap. Ι.

Gap. H.

INDEX LOOORUM S. S. AD ROMANOS. 602

28. - 2, 170. 6, 46. 342. 656.
62. - 7, 196.

4. 5. - 6, 369.

6. - 1, 792. 2, 603. 6, 59.

10. - 1, 675. 2, 706.

11. -- 6, 604.

16. - 1, 789⁴. 2, 600.

14. - 1, 330. 9, 203. 7, 193.

15. - 1, 841. 2, 624. 669. 7, 202.
16. - 9, 469.

17. - 9, 279. ‚

22. — 9, 614.

25. — 1, 955.

26. -- 7, 174. 9, 597.
29. - 6, 620.

Oap. ΠΙ. 2. - 7, 62. 8, 492.

Gap. IV.

3. 4. - 5, 529. 6, 79. 7, 493. 8, 78.
306. 9, 309.

5. - 6, 258. 9, 298.
7. - 9, 623.
9. - 1, 700. 2, 461. 7, 443.

10. 11. — 1, 336. 2, 210. 7, 9. 8, 171. ·

12. - 1, ἐξ. 6, 265. ’

19. - 1, 430. 700. 752. 804. 2, 259.
315. 461. 560. 5, 332. 6, 485.

20. - ἐξ, 3ξέὸ 429. 2, 234. 258. 549. 6,

21. - ὲ, 833. 2, 814. 548 seq. 6, 484.

22. - 6, 485. 7, 13. 457. 477. 8, 335.

23. — 1, 766. 2, 575⁹. 7, 13. 478. 555.
8, 335. 9, 716.

24. - 1, 723. 2, 371. 389. 481. 535.
549. 583. 671. 7, 467. 600.

25. —- 1, 752. 959. 2, 545. 559. 963. 7,
450. 9, 717. 10, 162.

26. - ΜΒὸ. 752 seq. 2, 534. 560. 7,

27. -— 1, 739. 2, 545. 9, 759.

- 10, 163.
1. —— 1, 739.
2. -- 1, 742. 2, 545. 548. 7, 454.

 

Gap. IV.

4. - 1, 746. 2, 550. 6, 697. 7,16.
454. 478.

5. - 2, 390. 6, 486. 9, 758.

6. - 1, 739. 743 seq. 2, 535. 550 seq.
7, 11. 13. 447. 454. 596. 9, 717.
759. 10, 166. ⁴

7. - 2, 542. 572. 596. 5, 697. “ 9, 759.
9. - 7, 356.
10. - 1, 976. 2, 985.

11. — 1, 941. 953. 954. 982. 2, 944. 957.
959. 990. 6. 115. 121. 7, 60.
499. 696. 702. 9, 718. 12, 724.

13. ·-- 1, 762. 2, 571.

14. - 1, 753. 2, 561. 6, 466. 465. 7,
12. 446. 450. 456. 476. 476. 460.
482. 595. 6, 660.

15. - ε1ἱὸ3429. 742. 2, 258. 549. 9, 612.

16. - 7, 454. 476. 600. 601.

17. - 1, 757. 2, 566. 6, 166. 210.
16. - 5, 216. 7, 557.

20. - 6, 106. 629.

21. - 2, 423. 8, 629.

2 -- , .
23. - 1Ϊό {3363 531. 2, 15. 371. 380. 390.

Cap. V. 1. - 1, 458. 2, 411. 563. 6, 485. 7,

453. 455. 476. 557.
2.- 6, 466. 482. 7, 456. 465.
3. - 1,1167. 2, 515.

5.- 2, 395. 407. 566. 6, 37. 300. 7,
4766. 556. 602. 10, 165.

. - 1 6.
ἓ. - ἐζ {Z} 526. 744. 2, 370. 477. 550.
, .

9. -·— 2, 371.

10. - 1, 525. 2, 368. 370. 390. 6, 383.
7, 450. 641 sq. 8, 210. 10, 161. 168.

11. - 2, 388. 7, 601.

12 ss. —- 1, 309. 611. 2, 160. 166. 352.
5, 521. 6, 361. 7, 347. 554. . 6,
339. 9, 716. 10,175.

14. - 5, 521. 7, 108.
15 sq. — 1, 717 sq. 2, 494. 6, 25.
17. — 5, 205 seq. 7,129.

