 

501 INDEX VOGUM GRAECARUM ΜΙΑ-ΠΑΡ.

Μιαρολᾰτρης 13, 49.
Μικρόκοσμος 2, 43.

Μικροψυχια 20, 569.
Μνημοσύνη 16, 613.

Μιέηῡμόξιέἕν 1. 228. 862. 1066. 9, 685. 14, 388.

Mulvium 13, 20.
Μονόφθαλμος 18, 415.
Μορφῆ 10, 64.

Μῦθος 20, 276.
Μύραινα 5, 120.
Μυσταγωγὸς 18. 485.
Mun-nieuw 1, 939. 2, 942. 9, 683. 16, 648.
Μυστηρκὸδης 16, 580.
Mna-m& 12, 479. 536.
Μωρός 13, 225.
Μωρόσοφος 20, 581.

Ναυάγιον 13, 343.
Ναύσταθμος 19, 509.
Νεκρώμενος 16, 374.
Νεοπαλαῖος 14, 133.
Νεόφυτος 6, 623. 18, 768.
Νηνεμία 18, 505.

Νῆπιοε 10. 67.

Νομικόν 14, 389.

Now-sota 5, 132.

111

Ξενηλασία 12, 949.

 

Όδοιπορία 13, 648.

Ὁδοιπορικῆ 10 b, 4.

Οἰκεΐος 20, 381.

Ὀλιγαρχία 14, 27.

Ὁμοθυμαδδν 11, 454. 513. 16, 327.

Ὁμόνοσα 15, 189.

Ὁμοούσιος 1, 61. 493 sq.
15, 126. 17, 601.
167.

Ὁμόψηφος 14, 362. 15, 785.

Ὄναρ 19, 165.

Ὀξόχολος 21, 170.

Ὀρθοτομεῖν 13, 652. 18, 118. 20, 580.

’ορμὴ 1, 314. 2, 142. 5, 180.

’ovem 11, 541.

Οὐδενία 1, 367. 2, 242. 5, 326.

502

2, 92. 360. 8, 568. 692.
18, 750. 766. 770. 19,

Οὖσία 1, 59. 492. 2, 93. 9, 377. 381. , .

Π.

ηᾰθος 1, 314. 331. 2, 142. 204. 5,'22.

14, 168.
Παιδία 1, 973. 2, 981.
Παιδοβάπτισμος 13. 661.
Παλινωδεῖν 15, 720.
Πανηγυρικός 21, 120.
Πανοῦργος 11, 493.
Πάνυ 14, 689.
Παραβολή 10, 174.
Παράδειγμα 5, 132.

Παραδιαστολῆ 5, 96. 144. 32·

12, 72.

