551
ΡΒ. CXVII.

ΡΒ. CXVIII.

ΡΒ. CXIX.

ΡΒ. CXX.
ΡΒ. CXXI.

ΡΒ. CXXIV.
ΡΒ. CXXVI.

ΡΒ. CXXIX.

ΡΒ. CXXX.

ΡΒ. CXXXI. ¹
ΡΒ. CXXXII.

INDEX LOCORUM S. S. PSALMI.

1. - 9, 280.
2. - 2, 493.
6. -- 1, 899. 2, 184.
17. - 5, 228.

18. - 1, 724. 2, 488.
22. - 9,,549. 658.

25 sq. — 2, 250.
1. - 1, 787. 2, 598.
10. - 1, 943. 2, 206. 947.
18. - 1, 330. 2, 203. 7, 176.
34. - 1, 333. 2, 206.
36. —· 2, 218. 6, 374. 393.
41. - 2, 422.
43. - 2, 413.
61. - 14, 425.
71. - 1, 724. 2, 483.
76. - 2, 562. 639.
96. - 14, 189.
99. - 9, 107.
105. - 1, 433. 2, 262. 5, 336. 6,
270. 9, 533.
108. -» 7, 559.
109. - 5, 178. 14, 425.
112. —- 2, 239.
133. ·- 2, 219.
135. - 14, 425.
- 6, 218.
4. -— 2, 627.
8. - 5, 200.
- 12, 430.
1. - 8, 32.
—- 18, 622.
1. -— 8, 25. 402.
3. - 12, 431.
3. - 1, 747. 2, 554. 602.
4. —- 1, 778. 2, 435. 588. 7,
461. 8, 632. 9, 757.
1. - 2, 513.
1. - 7, 653.

 

ΡΒ. CXXXII.

552

3 ΒΒ. - 15, 894.

7. - 2, 751.

11. - 1, 519. 2, 350. 5, 338. 7,

105.

13. - 1, 540. 2, 730.

14. -- 2, 749.

8, 445.

15. - 7, 415 seq.*

Pe. oxxxm. 3. - 1, 820.

.7‚ 136.
Pe. cxxxv, 1. - 6, 624.
15. - 2, 77.

Ps. oxxxvl. 25. - 2, 150.

2, 331. 5, 224.

ΡΒ. CXXXVII. 4. — 6, 631. 8, 419.
6. - 8, 450.
7. -— 8, 363.
ΡΒ. CXXXVIII. —- 6, 216. ,
1. - 1, 943. 2, 947.
2. - 2, 403.
8. - 2, 717.
ΡΒ. CXXXIX. -— 7, 24.
ΡΒ. CXL. 14. - 1, 812. 2, 324.
ΡΒ. CXLI. 2. - 1, 1032. 2, 640. 1063.
7. —- 5, 224. 7, 136.
ΡΒ. CXLII. -- 6, 218.
6. - 1, 819. 2, 331.
8. - 2, 652.
ΡΒ. CXLIII. 2. - 1, 428. 747. 765. 791. 2,
256. 555. 575. 602. 632. 6,
49. 7, 358. 460. 473. 582.
8, 634. 9, 717.
3. —- 5, 224. 7, 136.
5. -— 2, 423.
6. - 5, 214.
10. - 11, 338.
ΡΒ. CXLIV. 15. -— 1, 806. 2, 317.
ΡΒ. CXLV. — 1, 289. 304. 2, 48. 73.

1. - 5, 228. 7, 137.

8. -- 1, 487.

2, 422. 6, 59.

 

 

