619
Oap. III.

Oap. IV .

Oap. V.

⁶ INDEX LOOORUM S. S. AD GALATAS-AD EPHESIOS.

17. - 1, 748. 2, 559.

18. - 1, 741. 2, 542. 548.

19. - 1, 361. 2, 124. 284 254 685.

29. - 2, 685. 9, 854.

21. - 1, 742. 2, 549.

22. — 1, 799. 2, 461. 7, 699. 8, 296.
17, 28.

24. - 1, 432. 821. 2, 254. 261. 333.
25. — g: {g} 7, 452. 558. 694.

27. — 1, 942. 960. 983. 1072. 2, 393.
946. 965. 991. 1072. 5, 522.
540. 7, 556. 565. 702. 704. 8,
320. 9, 239. 479. ·

28. - 1, 875. 1101. 2, 706. 1093.
1 ss. — 1, 819. 821. 848. 2, 330.
333. 339. 877. 7, 96. 8, 483.
3. -—- 6, 79. 478.

4. - 1, 435ῧ. 519. 2, 264. 337. 347.
348. 351. 371. 390. 7, 70. 10,
166. 169. 174.

5. - 8, 449. 9, 718. 758. 10, 163.

6. - &3924 406. 568. 6, 87. 7, 602.

7. — 1, 793. 8, 818.
8. - 1, 284 884. 2, 40. 88.

9. - 1, 845. 1062. 1071. 2, 874 1971.
6, 464. 8, 97. 19, 211.

19. - 1, 405. 2, 290. 7, 660.
11. - 1, 405. 9, 601.

16. - 8, 449.

19. - 9, 489. 12, 679.

22. - 1, 824 2, 885. 769.
26. -- 2, 746. 12, 679.

28. - 8, 689. 19, 229.

30. - 1, 793. 2, 604.

1 sqq. - 1, 889. 888. 1191. 2, 614
622. 878. 1998. 7, 40. 297.
9, 548. 590. 602. 10, 285.

8. - 7, 499.

4 - 1, 888. 2, 622. 7, 71. 9, 691.
5.- 1, 782. 2, 488. 598.

6. - 7. 451. 477. 558. 9, 599.

13. - 1, 886. 2, 629. 7, 297.

14. - 1, 422. 2, 894.

 

Gap. V.

Gap. VI.

Gap. 1.

620

16. - 7, 566.
17. - 1, 884. 428. 2, 298. 259. 5,
179. 520. 6, 103. 7, 202. 357.
· 556. 566.
19. - 1, 310. 755. 2, 182. 564 967.
8, 824
21. - 19, 673.
22. —- 8, 885.
8. - 9, 199.
4. -- 6, 578.
8. - 12, 678.

19. - 2, 519. 664. 9, 128.
14. - 1, 528. 2, 874

15. - 2, 887.

17. - 1, 798. 2, 699. 789.

AD EPHESIOS.

- 8, 565.
1. — 2, 216.
2. - 9, 338.

3. - 1, 773. 2, 696. 5, 340. 7, 452.
463. 8, 210. 279.

4 - 1. 525. 792. 889. 865. 877. 2,
844 583. 603. 614 688. 798.
716. 5, 888. 898. 7, 223. 449.
468. 479. 692. 8, 94 95. 128.

133. 318. 319. 324.
5. - 1, 739. 2, 535. 689. 6, 23.
14, 268.

6. -- 1, 758. 2, 887. 425. 561. 7,
478. 8, 294. 10,161.

7. - 1, 728. 2, 481. 7, 555.

8. - 8, 271.

9. - 1, 989. 1999. 2, 942. 1991. 8, 95.
19. - 7, 575.

11. — 1, 541, 6, 35. 8, 271.

13. — 1, 469. 803. 878. 2, 314. 396.
{2863071L 719. 5, 334. 6, 37.

14 - 1, 817. 2, 328. 711. 719. 7,
222. 856. 8, 822.

17. - 1, 380. 2, 203. 7, 601.

 

