 

837
Gap. I.

Gap. H.

Gap. III.

Cap. lv..

INDEX LOOORUM S. S. ΕΡ. PETRI I.-EP. IOHANNIS Ι. 638

23. -· 2, 317. 752. 989. 5, 393. 7,121.

135. 9, 598. 12, 679.

24. - 5, 221.
4. - 8, 11.

5 -· 1, 599. 2, 815. 5, 374. 527.

7. - 9, 834.

8. - 8, 10. ,

9. - {b 81333. 1082. 2, 253. 561. 1068.
10. - 8, 887.

11. -2,138. 5, 182. 7,112.

18. -13361117 2,1111. 9,720. 18,
16, - 9, 617.

17. - 1, 1105. 1118. 2, 1098. 1110.
28, - 9, 145.

24. — 1, 720. 722. 958. 2. 373. 889.
477. 478. 481. 6, 29. 7, 555. 575.

9, 717. 10, 182.

² 25. - 2, 186. 786. 5, 182. 7, 112.

1. - 1, 1121. 10, 240.
7. — 1,1121. 2, 1115.
15 - 5. 245. 6, 545

18sq.-,.170* 2,.349 8,33. 9‚‘

871. 10, 172. 20, 5'48.

19. -· 1, 530. 2, 378³. 5, 184. 7,

1’14*.
20. -- 8, 78.

21. -- l. 110³& 841*. 955. 958. 983. 2,

624. 869. 962. 991. 5, 539. 7,
470, 500. 8, 320. 9, 512. 597.

1.-7, 106.

3. - 1, 775. 885. 2, 585. 721. 9,

814. 815.
8. - 5, 185. 7, 115.
8. - 1, 724. 728. 2, 482. 488.

11. - 1, 632. 1043. 1140. 2, 520. 851.

5, 404. 8, 471. 7, 8.

ι 12. - 6, 807.
· · 14. -- 9, 620.
- 15. ; 8. 899.

17. -· 1, 726. 2, 486. 11, 484.. .

 

Cap. V.

Gap. Ι.

Oap. 11.

Gap. III.

Gap. Ι.

1. - 1, 600. 2, 816. 7, 37.
2. - 1, 596. 843. 1045. 2, 814. 5,

285. 7, 815.
3. - 1, 577. 2, 794. 872.
4. - 6, 176.

5. - 1, 749. 2, 557.
8. -- 1, 472. 2, 480.
7. -- 1, 895. 7, 202. 8, 849.

8. - 1', 503. 508. 2, 126. 129. 674.
5, 208. 6105. 7,182.

9. - 2, 159. 7, 471.

ΕΡ. PETRI ΙΙ.

, 4. - 1,,[2682. 2, 742. 9, 851. 10,
5. - 2, 239.

13. .- 5, 182. 7, 118.

14. - 2, 785. ,
19. - 2, 70. 8, 270³». 9, 532. 533.
20. - 5, 584. 7, 568. 9, 488.

21. -κ 1, 490. 2, 105. 7, 416.

-7, 155.

1. -· 1, 640. 1052. 1053. 2, 860.
5,,410 7,35..610 9,2129.

4. - 1, 505. 507. 2, 128. 131. 5,
215. 7, 123. 351.
9. —— 1, 934. 2, 674.
10 88. - 7, 91.
18. - 7, 169.
3. -—- 1, 685. 6, 642.
4. ——- 1, 476. 2, 433.
8. -—- 2, 433. 5, 1994.
9. ·- 2, 726. 9, 292. 17, 23.
16. - 1, 275. 2, 27. 5, 536.
ΕΡ. IOHANNIS Ι.
1.- 1, 516. 1000. 2, 354. 359.

1007. 9, 624.

7.- 1, 524. 715. 958. 2, 888. 492.
937. 8, 37 117 7,359. 10,

