579
Cap. XIII.

Gap. XIV.

Cap. XV.

Gap. XVI.

INDEX LOGORUM S. S. MATTHAEUS.

24 seq. — 1, 546. 2, 757. 5, 528.

7, 66. 561. 8, 47.
28. - 1, 504. 2, 127.
29. - 7, 66. 8, 472ὓ. 9, 444.
31 88. - 1, 1098. 2, 1090.
41 88. - 5, 210. 14, 427.

47. - 1, 546. 2, 757. 999. 7, 66.

561.
3. - 12, 431.
27. -- 1, 1021.

3. - 1, 845. 2, 873. 8, 72.
4. — 1, 407. 2, 293. 7, 247.
6. -- 1, 1061. 6, 495.

7. - 5, 344.

8. - 1, 920. 2. 658. 878. 5, 548.
7, 41. 9, 550.

9. — 1, 849. 856. 1060. 2, 884. 5,
352. 6, 461. 7, 608. 610.

662. 9, 168. 240. 433. 760.
11. - 7, 41. 9, 607.

13. - 2, 219. 408. 698. 717. 8, 84.

339. 342.

14. —- 1, 645. 836. 1060. 2, 620.

865. 5, 413. 7, 85. 8, 84.
18. - 5, 587.
22. - 7, 105.

24. - 1, 827. 2, 338.
34. - 1, 793. 795. ·

6 sq. - 1, 856. 1062. 2, 886. 5,

404. 9, 550.
11. - 9, 550.

17. -- 1, 328. 468. 2, 201. 396. 426.

7, 601.

18 seq. -- 1. 552*. 596 bis. 630. 660.
ἓξὲξ ἔέἓῖῑ 89254664, {3³32

351. 7, 563. 12, 673.
14, 426.

20. — 9, 624.

21. - 7, 117.

23. - 1, 626. 2, 844. 8, 82.
24. - 1, 1128. 1135. 2, 515.
26. - 7, 183.
27. - 5, 213.

 

580

cap. xv11. 1. - 1, 1007. 2, 1016.

2. - 5, 198. 7, 116.
3. - 7, 229.

5. - ι, 468. 628. 632. 935. 1043.
2, 425. 675. 847. 9, 766.

Cap. XVIII. 7. —- 8. 82. 84.

cap. x1x.

Cap. XX.

16. - 1, 698.

10. ·- 1. 499. 2, 122.

11. —- 2, 343.

15 seq. -IIL (ἐξὲξ. 2, 906. 7, 227.

17. - 1, 659. 1051. 2. 856. 906. 7,
561. 11, 812. 19, 528.

18 seq. -- 1, 162 seq. 550. 552*. 597.
648. 664. 673. 710. 711³.
3138. 81334ἓὲ58. Ξίῃῗὸἓ, ἓξὲξ
542. 9, 763. 14, 58. 426.

20. -— 1, 543. 639. 919. 2, 657. 754.

858. 6, 624. 7, 35. 9, 83.

22. — 1, 674. 2, 764.

35. - 2. 511.

4 88. - 20, 560.

5. - 6, 204. 7, 572.

6. - 7, 213 bis.

8. —- 5, 543. 7, 572.

9. - 9, 129.

11. - 2, 938. 7, 42. 670. 8, 74.
12. - 1, 410. 2, 296.

14. - 1, 9723. 6, 188.

15. - 1, 571. 2, 787.

17. - 1, 8003. 2, 101. 111. 611*.

{3595 451⁴& 481. 559. ,9, 328ὓ.

18 sq. — 1, 380. 422. 2, 275. 304.
21. - 2, 934ὓ. 7, 216*. 608.

25. -- 1, 428. 2, 257.

27. —-— 1, 445.

28 seq. — 2, 742.

1 88. ·—- 1, 79449. 2, 605ὓ. 8, 711*.
15. — 8, 305. ’

21. - 8, 344.

23. - 1, 710.

25. — 1, 652. 1058. 2, 898.

 

 

