547
ΡΒ. LXV.

ΡΒ. LXVIII.

ΡΒ. LXIX.

ΡΒ. LXXII.

ΡΒ. LXXIII.

ΡΒ. LXXIV.
ΡΒ. LXXV.

ΡΒ. LXXVI.
ΡΒ. LXXVII.

INDEX LOOORUM S. S. PSALMI.

2. — 2, 657.

3. -- 2, 638.

5. - 2, 684.

- 7, 415*.

16. - 11, 491.

19. - 2, 99. 5, 191. 9, 635. 672.

21. -- 2, 733. 5, 200.
5. -- 1, 527. 2, 372.

10. - Ξὲο546. 7, 197. 9, 145.

ΡΒ. LXXVIII. 8. — 2, 239.

ΡΒ. LXXIX.
ΡΒ. LXXX.

ΡΒ. LXXXI.

22. - 2, 1015.

29. —- 1, 814. 2, 326. 720. 9, 586.
5. -- 8. 639.

6. - 8, 597.

8. - 1, 827. 2, 337.

10. —- 1, 592. 2, 810.

2. - ἒ, {ll} 1148. 2, 324. 528.
16. - 1, 813. 2, 324.
22. - 8, 316.

26. - 1, 819. 2, 330.

9. - 2, 362.

7. - 2, 150.

13. - 8, 355.

10. —- 20, 286.

11. -— 2, 423.
36 ΒΒ. - 2, 455.

39. -- 5, 220. 7, 135.

49. - 1, 505. 2, 129. 7, 188.
60. 67. - 2, 249. 8, 445.

69. -- 2, 684.

13. - 2, 514.

2. - 1, 382. 2, 276. 749. 9, 84
4. — 1, 465. 2, 420.

6. -—- 2, 643.

18. — 2, 260.

11. - 9, 27. 768.

 

548
ΡΒ. LXXXII. - 2, 1099. .
1. - 1, 1103 sq. 1121. 2, 1095.
1097. 1115.

6. - 1, 498. 1103. 2, 121. 345.
367. 1000. 1096. 6, 220.

353. 7, 83. 134. 9, 662.
Ps. LXXXIV. 1 ss. — 2, 761. 6, 631. 8, 411.
416. 421.
6. -- 6, 228.
6. - 8, 440.
7. - 8, 434.

8. —- 2, 1019. 6, 196.
11. - 8, 431. 437.

ΡΒ. Lxxxvl. 2. - 1, 906. 2. 633.
5. - 1, 467. 2, 422.
11. - 2, 219.

ΡΒ. LXXXVII. -— 8, 441 ΒΒ.

ΡΒ. LXXXVIII. 4 88. -- 5, 222.
6. - 5, 208. 7, 129.
8. - 5, 226.
11 sq. -— 5, 223. 7, 135.
17. -- 1, 727. 2, 486. 5, 226.

2. - 6, 69.
4. - 1, 640. 2, 760.
16. - 6,196. 7, 120.
28. - 7, 106.

ΡΒ. LXXXIX.

31 ΒΒ. - 1, 676. 725. 2, 484. 766.
36 sq. -- 2, 363.
ΡΒ. XC. — 2, 744.
4. -- 2, 433.
7. —- 1, 727. 2, 486.
ΡΒ. XCI. - 6, 214.

1. - 1, 895. 2, 169.

3 sq. - 1, 899. 2, 163. 6, 89.
8. - 16, 619.

11. - 1, 499. 2, 121. 648.

15. - 1, 910. 2, 638. 7, 23.

6.-9, 299.
7.-2, 48.

13 ΒΒ. - 1, 813. 2, 324. 5, 200.
7, 127.

ΡΒ. ΧΟΠ.

 

 

 

