615
Gap. XV.

Gap. xv1. 2. - 1·, 405.

Gap. 1.

Oap. H.

Gap. 111.

INDEX LOCORUM S. S. AD CORINTHIOS 1.—-11.

52. - 6, 35. 43.
53. — 2, 737. 5, 540. 13, 310.
54. — 2, 741. 5, 206.

55. - 7, 129.
56. -— 5, 206.
58. —- 7, 559.

2, 291.
7. — 2, 164.

AD CORINTHIOS H.

1. - 7, 66.

3. -- 1, 925. 2, 553.

5. - 9, 225.

5. - 1, 717. 2, 493.

12. - 1, 791. 2, 432. 602. 7, 101.
17. - 5, 334. ³

13. —- 9, 601.

20. - 1, 467. 911. 953. 2, 311. 424.
544. 7, 600. 3, 630.

21. -·- 1, 469. 2, 428.

22. -— ἒ, {3} 2, 395. 5, 334. 7, 222.
, .

23. - 2, 136. 284. 286. 7, 101.
24. - 1, 633. 1044. 2, 852.

5. -- 1, 577. 704 2, 457.
7.- 1, 552. 2, 910.

11. - 7, 132.

15. - 3, 34.

15. - 2, 27. 234. 6, 237. 3, 293. 12,
573 bis. 13, 522. 20, 75.

17. -- 7, 234.

- 2, 773.
2 ss. -- 12, 679.
3. - 6, 254.

5. -- 1, 332. 335. 2, 203. 215. 5,
352. 7, 9. 190. 443. 3, 171.
219. 9, 757.

6. —- 1, 302. 823ὓ. 2, 71. 254. 334.
397. 752. 6, 79. 254. 376. 7,
174*. 12, 675.

7. - 1, 429. 2, 253. 6, 350.

 

Cap. 111.

Oap. IV.

Oap. V.

Cap. VI.

616

3. - 2, 71. 7, 176. 12, 473. 673.
14. - 1, 317. 2, 329. 7,172.
17. - 1, 345. 2,192. 7,177.

13. - 1, 303. 450. 590. 2, 140. 414.
440. 7, 514. 601. 3, 421.

- 2, 773.

3. - 7, 173. 3, 3433.

4. - 352. 507. 2, 126. 130. 169. 225.
7, 172. 3, 427. 9, 451.

5. - 1, 477. 2, 310. 393. 751. 7,
500. 3, 357. 9, 533. 12, 579.

7. - 1, 562. 3, 15.
3. 9. - 1, 775. 1140. 2, 520. 535.
10. - 1, 793. 2, 609. 731. 736. 13,

309. -

13. - 2, 427.

14. — 5. 210.

15. - 220440. 5, 196. 573. 6, 232. 7,
1 seq. -- 2, 527. 735. 5, 195. 7,

119·. 223. 465.
5. - 1, 469. 2, 428. 7, 478.

6. ·- l, 457. 1146. 2, 136. 410. 526.
729. 7, 204. 8, 490. 9, 33.

7. - 7, 124. 223.
8. - 2, 136. 7, 29. 204. 331.

10.,ι- 1, 485. 792. 2, 99. 603. 736. 7,
354. 13, 310.

15. - 7, 233.
16. - 6, 410. 7, 234.

17. - {21451 3, 301. 9, 757. 10,

13. - 1, 466. 596. 713. 739. 762. 2,
422. 494. 535. 572. 314. 7, 641.
3, 293. 335. 13, 14.

19. - 1, 713. 744. 2, 343. 337. 477.
551. 5, 320. 393. 7, 13. 447.
477. 555. 575. 595. 9, 19. 717.
10, 151. 155. 12, 573.

20. -- 1, 673. 2, 479. 763. 7, 19. 478.
10, 352. 12, 678.

21. - 1, 527. 715. 745. 2,‘ 371. 373.
337. 4221. 541. 552. 6, 436. 10,

1. -— 5, 519.

