 

539

Gap. Π.

Cap. 111.

Cap. IV.

Gap. V.

INDEX LOOORUM S. S. IOANNES. 590

17. -- 6, 546³. 9, 620.
13. - 9, 626.

19. —— 2, 356. 738. 5,184. 7, 114*.

102175.
24. - 2, 408.
25. - 1, 436.

3. -- 1, 346. 930. 988. 5, 336. 6,

185.

5. -- 1, 346. 936³. 2, 994*. 5, 539.
6, 352. 7, 4443. 493. 565. 6323.

3, 4393. 9, 116. 133.
6. — 1, 335. 2, 131. 209.
7. - 1, 346.

13. -- 1, 521. 1006. 2, 354. 1031. 3,

561. 9, 707. 20, 74.
14. - 2, 343. 6, 550.
15. - 2, 716. 3, 336.

16. - 1, 479. 525. 766. 2, 343. 370.
337. 575. 719. 5, 336. 7, 450.
555. 600. 9, 166. 9, 355. 10,

160. 19, 543.
19. -- 5, 531.
20. - 7, 140. 9, 99.
27. - 1, 323. 9, 201. 7, 601.
29. - 7, 31.
33. — 1, 472. 2, 404.

34. - 1, 514. Α 9, 949. 965. 9, 547.

10, 169.
35. - 1, 477.
14. —- 2, 396.
19. - 8, 18.

99. - 1, 293. 2, 5151956. 949. 7, 79.
23. - 1, 920. 2, 653. 377. 5, 323.

6, 460. 7, 25. 9, 588.

24. - 1, 491. 2, 112. 9, 327. 472.

11, 486.
25. - 1, 632. 1043. 2, 361. 7, 33.
35. -- 2, 999.
36 99. - 12, 472. 677 sq.
42. 53. - 2, 400 seq.

17. - 1, 485. 890. 2, 95. 100. 148.

954. 9, 539.
20 ss. - 1, 477. 535. 2, 354. 335.
23. - 1, 521. 2, 249.

Cap. VI.

 

24. — 1, 346. 773. 9, 599. 716. 799. 5,
124. 7, 119. 221. 450. 476. 10,

25. — 1, 371. 2, 246. 343. 566.

96. - 1, 1001. 2, 1003. 5, 191. 7, 199.
9, 339. 351. 11, 799.

99. -- 9, 733. 737. 13, 310.

99. - 224682' 792. 2, 603. 6, 43. 7,

99. - 1, 499. 9, 104.

35. - 9, 313.
36. - 1, 436. 9, 100.
39. - 5, 537.
46. - 9, 309.
-- 9, 442. 11, 724. 19, 779.
15. - 7, 33.

27. - 1, 956. 9, 694. 969.
99. - 1, 472. 300.

31. - 1, 305. 9, 316.

35. - 9, 716.

37 99. - 1, 521. 881 bis.2, 354. 693. 697.
717 sq. 739. 7, 464. 479 seq.
8, 170. 273. 298.

49. - 1, 773. 331. 2, 717. 5, 194. 7,
120. 450.

44. — 1. 329. 469. 2, 202. 234. 426 sq.
693. 709. 711. 6, 303. 7, 232.
ξξέ. 8, 98. 273. 325. 335. 9, 25.

45. - 1, 341. 2, 217. 220. 234. 724. 6,
{513} 2ἔᾉ226. 446. 474. 602. 8, 98..

46. - 2, 697. 711.

47 99. —- 11,2487Ξ.5 2, 101. 1008. 7,. 699.
, .

50. -- 2, 1036..

51. - 1, 994. 1001. 2, 1002. 1995.. 1999.
ᾗ 7125. 9, 200. 436. 719. 12,

52. - 9, 37.
53. - 7, 569. 632. 9, 200.
54. -- 5, 194. 7, 199. 9, 494. 9, 99.

55 99. - 2, 390. 1034. 5, 192 seq. 7,
122. 9, 200. 232. 494. 5973.
768. 10, 159. 163. 212.

60. - 8, 22.

