559
Gap. XIX.

Gap. XXII.
Gap. XXIV.
Gap. XXV.

Cap. XXVI.

Gap. XXVIII.
Gap. XXIX.

Gap. XXX.

cap. XXXI.

Oap. XXXII.
Gap. XXXIII.

Oap. XXXIV.
Cap. XXXV.

Gap. xxxva. 16. - 1, 332.

INDEX Locosstm s. s. msAIAs.

19. - 9, 659.
21 sq. — 2, 1054.

14. - 6, 612.

23. - 1. 231. 2, 33.

1. - 2, 715.

3. -- 1, 1143. 2, 523. 5, 205.
9. - 2, 93. 112.

2. - 1, 395. 2, 159.

3. - 5, 133.

9. - 5, 130. 7, 111. 9, 355.
13. - 5, 179.

19 sq. - 1, 316. 2, 327. 733. 5,

190. 13, 310.
21. - 2, 740. 8, 406.

15. 16. - 1, 487. 2, 101. 5, 221.

13. ——- 1, 849 sq. 855. 920. 1060.
2, 631. 658. 878. 884. 5,

344. 6, 35. 503. 7, 41. 9,
550. 624. 760. ·

14. - 2, 169. 9, 761.

1. - 1,Μὲ13. 2, 654 5, 241. 6,
15. - 2, 423. 5,190. 6, 39.

19. - 1, 910.

21. - 3, 43.

33. -- 1, 633. 2, 744. 5, 200.

1. - 1, 913. 2, 654.

7. - 2, 77.

13. - 5, 133.

14. - 1, 747. 734. 2, 553. 594.
21. - 1, 306. 2, 313.
22. - 1, 343. 1045. 2, 366. 372.
24. - 1, 672. 2. 762.

3. - 1, 632.

3. - 1, 540. 1125. 2, 503. 760.

2, 276.

29. - 3, 31.
32. - 2, 749.

 

Cap. XXXVII.
35. —- 2. 390. 7, 583. 10, 163.
36. - 1, 499. 2, 122.

560

Gap. XXXVIII. 1. 5. -- 1, 900. 2, 165.

Gap. XXXIX.
Cap. XL.

cap. xm.

Gap. XLII.

Cap. XLIH.

cap. xnlv.

7. - 1, 951. 2, 955.

17. - 1, 722. 2, 430. .

13. - 5, 223. 7, 136.
20. - 2, 655.

7. - 2, 230.

2. - 1, 726. 2, 435. 9, 674.

3. - 1, 636. 2, 435. 3, 17.

5. - 9, 670.

6. - 2, 317. 5, 221. 7, 121.

135.
11. - 1, 1098. 2, 1090.
13. —- 1, 1035. 2, 1067.
18. - 2, 75. 5, 328.
21. -- 2, 77. 117.
29 sq. -ν 1, 322. 2, 194.

7. - 2, 75. 6, 55.

9. - 2, 634.

23. - 7, 350³.

29. - 2, 75.

1. - 2, 354. 3, 603.
2. - 3, 50.

3. - 3, 471. 17, 453.
3. - 1, 433. 2, 97. 6, 570. 9,

333. 613. ·

9. - 1, 293. 2, 65.
10. - 2, 654.

13. - 2, 1090.
24. - 1, 725.

25. — 7, 193.

5. - 9, 306.

10. -- 2, 60. 9, 627.
11. - 1, 706. 2, 463.

25. — 1, 435. 706. 719. 932. 2,
1121064331. 477. 672. 7, 603.

27. - 7, 193.
3. - 1, 323. 537. 2, 194. 395.

 

