 

 

493 INDEX VOOUM GRAECARUM ἈΤΑ-ΔΙΑ.

’magea

ο {1871223 260. 11, 704. 13, 61. 14, 235.
, .

Ἀτοττοτ 1, 122. 1007. 9, 73. 11, 595. 651.
Ἀτροφιοτ 11, 722.

Αόἕέξοοα 9, 566. 11, 764. 12, 427. 654. 15, 272.

Αὕθεντικόν 1, 942. 2, 945.
Αὖταλῆθεια 21, 119.
Αὖταρκῇς 18, 140.
Aerem-9096 15, 339.
Αὖτεξούσιον 1, 317. 2, 189.

Αὖτόγροφοτ 12, 624 sq. 18, 359. 15, 316. 644.
19, 297. 714.

Αὖτόθεος 9, 368 sq. 374 ss, 380. 21, 154.
Αὔτοκασίγνητος 13, 649.

Αὐτοκράτωρ 11, 236. 655. 12, 606. 670. 13, 56 sq.
18, 748. 19, 275. 317. 20, 288.

Δῦτοματί 13, 257.

Δῦτόπιστος 2, 60. 6, 272. 9, 79. 514. 537.
Αὐτός 2, 390. 10, 163.

Αὖτοσχεδίως 12, 109. 14, 90.

Ατῑτοοοιο 1, 303. 496. 2, 73. 119. 7, 323 sq. 9,
368. 374. 363. 11, 652. 12, 16.

Αὖτοφώρῳ (ἐπ’) 9, 482.
Αὖτόχθων 12, 649. 20, 119.
Ἀφοριστικῶς 13, 652.

Ἀφωνία 11, 722.

Ἀχᾶριστος 19, 186. 207.
'ammos 11, 490.

Βαρβαρίζειν 18, 481.
Βασιλεός 11, 236.

 

Βασίλισσα 19, 13. 131.
Βαττολογία 15, 123.

Βερνάζειν 15, 811.

Βλακικοί 16, 648.

Βλασφημία 17, 21.

Βουκερίζειν 11, 255.

Βοῦλησις 1, 314. 2, 142.
Βουλοφόρος 18, 310.

Βραβεντής 15, 268. 16, 659. 682.
Βρέφη 1, 973. 2, 981.

Γ ενικός 5, 304. ·
Γ ἑννοὶω 8, 665.
Γ ερμανίζειν 18, 481.

Γττῑοτος 11, 655. 18, ’539 sq. 649. ἦ 15, 52.

Γνῶθι σεαυτόν 13, 539.

Γνώμη 5, 98.

Γ ονυκλισία 15, 553.

Γ ραμματαφέρος 13, 161.

Γ ραμματοφόροι 17, 343.

Γ ρο 20, 405.

Γ υμνός 12, 358.

Γ υναωτοκρατία 15, 125. 20, 292.

Δ.

= Δευτὲικῶς 10, 172.

Δειλίαξζο18, 406.

Δειπνοσοφισταὶ 15, 188.
Δεισιδαιμονία 15, 720.

Δημαγωγός 11, 430. 470. 21, 137.
Διαδέω 5, 20.

Διακονία 1, 567. 1095. 2, 783.
Διαλλαγή 14, 93.

Διανοία 9, 206.

494

