Gap. XX.

Cap. XXI.

Cap. I.

Gap. ΙΙ.

INDEX LOCORUM Β. S. IOANNES-ACTA.

542. 7,19.568. 9, 763. 12,
673. 678. 14, 426.

28. - 1, 485. 2, 99. 8, 482. 9, 638.
19, 543.

31. - 5²334⁰L 6, 274. 7, 459. 9,

15. - 1, 596. 1987. 2, 813. 1987. 5,
284. 546. 7, 564.

16. - 7, 615.

18. - 1, 1141. 2, 521. 8, 400.
20. - 9, 621.

22. - 6, 606.

ACTA.

3. -- 1, 533. 2, 382.

5. - 1, 968. 2, 973.
6-zae.

8. - 5, 528. 7, 563.

9. — ἑ, 15331008. 2, 382. 6, 35.

10. —— 11,16499. 2, 122. 5, 198. 7,

11. —- 1, 534. 1008. 2, 383. 1026. 6,

35. 7, 698. 9, 79. 171. 770.

776. 16, 578.

16. - 8, 338.

23. - 1, 569. 2, 785.

24. -- 9, 329.

16. - 2. 107.

21. - 9, 329.

23. - 1, 897. 2, 168. 692. 7, 475.

8, 273.

24. -- 1, 530.
6, 29.

27. - 5, 192.

30. - 1, 533² 2, 383.

37. - 1, 688. 984. 2, 437. 992. 7, 59.
38. - 1, 694. 2, 450. 9, 719. 765.

39. — 1, 978. 2, 986. 7, 62. 457. 8,
484. 492ὓ.

41. - 9, 114.
42. - 1, 1011. 1918. 2, 1939. 1946.

9, 258. 391.
2, 376. 379. 5, 340.

 

Cap. 111.

oap. IV.

Oap. V.

Gap. VI.

Cap. VH.

Cap. Vm.

596

6. - 1, 486. 2, 199.
12. - 7, 22.
15. - 2, 386.
18. - 2, 168.

21. - 2, 383. 1029. 9, 33. 72. 83.
23557236. 598. 719. 779. 776.

25. — 1. 817. 978. 2, 328. 986. 7, 62.
26. - 2. 450.

27. - 1, 694.
31. - 1, 533.
12. ‘3154513' 2, 368. 5, 338. 7, 77.
19. - 9, 329.
25. - 8, 37.
27. - 1, 897.

28. - 2, 168. 171. 9, 391.
32. - 2, 748. 5, 179. 7, 111. 217³.

1 ss. - 8, 471.
3 ss. - 1, 488. 2,103. 9, 328.
12. - 7, 702.

29. - 1, 1124. 2, 1118. 9, 762.
31. - 1, 693 sq. 2, 449 sq.

34. - 8, 472.

41. - 1,1140. 2, 519. 8, 398.

1 ss. - 1, 567. 653. 2, 783. 899.
3. - 5, 558. ’

4. - 5, 285.

19. - 1, 679. 2, 453.

14. - 5, 179. 7, 111.
44. - 2, 253. 9, 22.

48. - 1, 920. 927. 2, 658. 665. 751.
51. - 7, 182. ·
53. - 1, 501. 2, 124.

55. - 2, 732. 1030.

56. -- 1, 533. 2, 383. 9, 77.

58. -- 7, 114.

59. - 1, 487. 2, 191. 135. 736. 5,
184. 7, 221. 9, 330. 635.

60. - 5, 207. 7, 129.

13. - 1, 454. 2, 406.
14. - 1, 600. 962. 2, 816. 966. 7, 38.

