499

Κοιμητῆριον 5, 208.
Κοινώνησις 18, 325.
Κοινωνία 1, 520. 2, 353. 494. 1021. 1031.

19, 715. 20, 74.
Κοινωνός 9. 477.
Κολοκεῦω 13, 638.
Κόλασις 5, 132.

Κομήτης 16, 100.
Κορυφαῖος 16, 603.
Κοσμοκράτωρ 12, 670.
Κρατεῖσθαι 5, 192.
Κρεολὸγος 15, 490.

Κρίσις 8, 286.

Kena& 5, 105.

Κτῆσις 18, 589.

Κτίζω 8, 665.
Κυβερνῆσεϋς 1, 1103. 2, 1095.
Κῦβος 5, 28.

mem«,- 2, 107.

Κωφὸν πρόσωπον 18, 481.

Λακονικός 12, 649.
Λαμβὼεσθαι 10, 174.

Λατρεία 1, 383. 2, 88.
Aeneaden 1, 391. 2, 83.
Λατρεοτικὸς 1, 1030. 2, 1060.
Aemo-‘hyla 11, 670.
Λεπτολόγημα 12, 431. 15, 475.
Λεπτόν 13, 654.

621. 6, 561. 9, 65. 192. 241 sq. 440. 44}ss {3³31
480. 707. 12. 49. 16, 745. 16, 320 sq. 325.

 

INDEX VOOUM GRAECARUM ΚΟΙ-ΜΗΧ, 500

ωοβοιετν 16, 516.

Λιθοβολία 19, 62.

Λογομαχεῖν 14, 251.

Λογομαχία 1, 320. 2, 191. 553. 15, 476.

Λόγὸς 2, 109. 8, 489. 505. 532. 546. 564
566. 563. 649. 656. 660. 663. 664. 9, 166.
ἓξὲξ-ἕο. 355. 371. 375-383. 509 sq. 533. 20,

Λυμεών 13, 41.
Λυχνομοιχεία 21, 153.

Μακρόβιος 20, 373.

Μακρόθυμος 14, 308.

Mazacae& 11, 492.

Μανία 5, 153.

Μαντικῆ 11, 540.

Ματαιολόγος 15, 591.

Ματαιοῦματα 1, 497. 2, 120.
Μεγαλοπρεπής 12, 649.
Μελαγχθονίζειν 14, 359.
Μεμψίμοιρος 19, 186.

Μεσίτης 17, 601.

Μᾳάβασις 5, 137.

Μεταμόρφωσις 7, 622.

Mna& 13, 58.

Μετεμψύχωσις 11, 655. 13, 338.
Μετουσία 9. 473. 18, 288. 19, 12.
Μετρίως 20, 400.

Μετωνυμία 12, 482.

Metaurum-ands· 7, 729.

Μηχανῆ 14, 93. 166. 19, 384.

 

