 

549

Pe. xom. 5. — 2, 55.
Pe. xcw. 7. - 6. 552.

11. - 1, 333. 755. 2, 206. 564.
12. - 1, 727. 2, 486.
17. - 5, 224. 7, 136.
ΡΒ. XOV. 8. — {8213} 401. 6, 390. 8, 428.
, .
ΡΒ. XCVII. 7. —- 2, 110. 9, 635.
10. - 1, 812. 2, 323. 8, 349.
ΡΒ. xolx. 1. —- 1, 382. 2, 276.
5. - 2, 751.
ΡΒ. O. 3. — 2, 216. 684.
ΡΒ. ΟῙ. - 2, 1100.
8. - 2, 1101.
ΡΒ. ΟῙῙ. 18. - 2, 655.
23. m 6, 624.
25 ΒΒ. - 1, 812. 2, 110. 323. 5, 230.
9, 635.
ΡΒ. ΟΠΙ. 1. - 5, 179. 7, 127.
5. -- 5, 200. 7, 127.
8. - 1, 467. 2, 422. 6, 59.
13 ΒΒ. -— 5, 221. 7, 135.
17. ω- 1, 812. 2, 323.
20. - 2, 668.
ΡΒ. clv, -— 6, 15. 8, 348.
1. - 5, 179.
2. - 2, 41.
4. — 2, 150.
15. - 1, 1149. 2, 530.
27 sq. — 1, 511. 2, 145.
29. -— 5, 221.
30. —- 8. 608.
33. - 7, 137 soq*.
ΡΒ. OV. 6. —- 2, 684.
15. -— 8, 29.
25. -- 1, 354. 2, 169. 227. 8, 357.
ΡΒ. OVI. 3. —- 1, 787. 2, 598.
4. -—· 2, 749.

30. - 1, 764. ' 2, 595.

INDEX LOOORUM S. S. PSALMI.

 

550
ΡΒ. OVI.

43. - 2, 641.
46. —- 2, 228.

⁶ 47. -- 2, 655.

. ΡΒ. OVII. — 2, 46. 640. 8, 497.

16. - 2, 375.
25 ss. -- 2, 150.
40. - 2, 169. 200. 226.
42. ·-— 8, 348.

Pe. olx. 9. - 16, 106.

Pa. ox, 1. - 2, 363. 9, 346.
2—3ffl.
3. ..- 1, 462.
4. - 1, 1624. 1666. 2, 254. 332. 366.
1052. 1086. 7, 579.
6. — 2, 366.
Ps. cxl. 1. - 1, 943. 2, 947.

2. — 2, 171.
10. - 1, 464. 2, 213. 419.

Ps. exn. 1. - 1, 767. 2, 596.
4. -- 2, 323.
6 ss. - 1, 324. 612. 5, 226.
10. - 5, 226. 7, 134.

ΡΒ. OXIH. -- 6, 220.
7. - 1, 288. 2, 47.

ps. CXV. 3. - 1, 493. 2, 146. 170. 726. 6,
371. 6, 269. 9, 265.

4. 8. - 2, 77 seq.

16. -- 6, 69.
17. - 5, 223. 7, 135.
1³5. oxvl. 1. ψ- 2, 655. 6, 466.
7. -- 2, 412.
9. - 5. 224. 7, 136.
10. — 7, 646. 9, 624.
12. - 2, 655.
14. - 1, 440. 2, 926.
15. - 11²40 811. 614. 2, 322. 325. 7,

18. - 1, 440. 2, 928. 35*

