597 INDEX LOOORUM S. S. ACTA. 598
’ Gap. XIII.

Gap. vm.
15. - 1, 1070. 2, 1070.

17. -- 1, 962. 2, 966. 7, 567. 628.

702.
18. - 2, 406.
22. - 1, 676. 2, 765. 7, 76.
27. - 2, 425.
36. — 1, 1043.

37. -- 1, 943. 984. 2, 946. 992. 7,

59. 90.

Oap.1x.‘ 4. — 2,1030. 6, 886. 8, 407.

6. -- 1. 563.
13. - 1, 487. 2, 101.
1·4. —- 9, 330. 635. ⁰

17. - 1, 965. 1073. 2, 970. 1073. 7,

502. 628.

36. —- 2, 401.

39. —- 7, 217.

40. — 5, 214. 7, 133.
Oap. X. 2. - 2, 721.

3. - 1. 563.

4. - 19, 549.

6. - 7, 217.

25. - 2, 88.

26. — 9, 604.

30. - 5, 198. 7, 116.

31. - 2, 425.

34. -- 1. 781*. 875. 2, 592³. 706. 6,

383. 8, 306.
43. — 1, 535. 2, 384.

48.- 1, 715. 719. 2, 477. 492. 7,11.
47 sq. - 1. 965. 7, 79. 9, 765.

cap. m. 4 seq. - 1, 600. 2, 8116. 7, 38.

16. - 1, 968. 2, 973. 7, 63.
18. - 2, 451.
21. - 2, 396.

cap. ΧΠ. 12. - 7, 217. 10, 230.
· 15. - 1, 500. 2, 1223.

cap. xm. 1. - 7, 564.
2. -- 1, 570. 1091. 2.. 785.
3. - 1, 667. 2, 915. 7,19.
11. «ι- 8, 471.

 

36. - 1, 915. 2, 649. ·7, 652.

38. - 1, 47378. 745. 2, 389. 535. 551.
² ⁶ ’

, 41. - 9, 453.

43. - 1, 362. 2, 236.
46. - 8, 492.

48. - 1, 879. 886. 2, 713. 723. 7,
{g} 480. 602. 8, 114. 168. 214.

Gap. XIV. 3. —- 1, 264. 2, 16. 7, 22. 702.
15. -ε- 8, 388.
16. ·-- 1, 291. 826. 2, 52. 337. 8, 170.
216. 303.

Gap. XV.

22. - 2, 609. 739.
23. -— 1, 569 sq. 667. 1089. 2‚ 782.

786. 915.
24. -- 10, 221.
27. - 1, 566.
2. — 8, 58.
4. -- 9, 600.

7. - 1. 600. 2, 816.
8. - 1, 817. 2, 328.

9. -- 1, 760. 2, 570. 7, 450. 470.
475. 8, 95.

10. — 7, 460.

11. - 1, 717. 2, 494. 7, 454.
20. - 1, 854. 2, 882.

22. -- 9, 600.

24 ss. - 1, 220.

28. -- 7, 564. 9, 438.

29. - 1, 1046. 1056. 5, 536.
39. - 8, 58.

41. - 12, 675.

cap. xv1. 3. - 1, 837. 2, 620. 9, 602.

6 sq. —- 2, 696. 8, 169. 216. 303.
14. -- 2. 723. 8, 170. 217. 302. 9,

775.
15. —·- 7, 217.
31. —- 7, 63.

oap.xv11. 2. -- 6, 271.

11. - 5,174.537. 6, 271. 7, 6.
16. - 6, 503. 9, 614.-

23. -— 5, 265.
38·

