139

Augustinus

8, 466. 9, 151. ad Fortunatam 5, 202. 18, 696.
ad Glorium 1, 614. 2, 831. ad Hieronymum 1,
627. 2, 845. 5, 215. 7,126.683. 18, 696. ad
Hilarium 1, 431. 2, 259. ad Honoratum 1, 1034.
2, 1058. ad Ianuarium prima 1, 131. 670. 848.
853. 957. 1019. 2, 876. 882. 918. 961. 1047. 1068.
secunda 1, 847. 2, 821. 876. 6, 494. 9, 501. 10,
211. ad Innocentium 1, 431. 2, 259. ad Mace·
donium 1, 358. 2, 231. ad Marcellinum 1, 106.
939. 1109. 1115. 2, 942. 1103. 1109. 7, 481. 10,
206. ad Maximum 1, 488. 2,103. 12,19. ad
Monachos Caprariae 1, 442. 2, 930. ad Optatum
7, 484. ad Pascentium 1, 491. 2, 106. 7, 315.
11, 561. ad Paulmum 1. 340. 346. 869. 872. 876.
2, 216. 223. 695. 702. 707. 7, 485. 581. 651. 683.
8, 166. 211. 267. 285. ad Sixtum 1, 346. 774.
868. 2, 223. 584. 694. 6, 337. 339 sq. 399. 7,
485, 8, 166. 211.267. 280 sq. 285. ad Valentinum
prima 1, 346. 2, 224. secunda 1, 313. 2, 185.
ad Vincentium 2, 770. 6, 530. 8, 466. 9, 151.
300. 15, 110. ad Vitalem 1, 131. 369. 1021. 2,
245. 6, 299. 304. 309 354. sq. 380 sq. 7, 9.

- contra Faustum lib. VI. 9, 156. lib. XIII. 2,
1037. 9, 158. 481. 503. lib. XV. 6. 358. lib.
XIX. 1, 941. 952. 956 sq. 2, 945. 956. 961. lib.
XX. 1,1033. 2,1058. 5, 549. 7, 581. 10,195sq.
lib. XXI. 8, 334. lib. XXII. 6, 300. lib. XXX.
1, 669. 2, 917. lib XXXII. 1, 295. 2, 58. et
praeterea non indicato loco 1, 806. 2, 317. 9, 60.

- (16 actis cum Felice 6, 300.

-9ᾶεέ8ΐὶά6 ad Petrum 1, 1033. 1078. 2,1058. 1078.

- de fide et symbolo 1, 533. 1009. 2, 383. 1026.
- contra epistolam fundamenti 1, 294 sq. 2, 57.
- contra Gaudentium 1, 733. 2, 497.

- (16 Genesi ad literam 1, 321. 864. 874. 886. 2,
193. 682. 705. 723. 5, 187. 8, 317. 360.

—733 nge51{2contra Manichaeos 1, 870. 2, 118. 143.

- de gratia christi ι, 310. 341. 2, 182. 217. 711.
6, 309. 6274.

—— de gratia Dei contra coelestinum 6, 299.

- (16 grat-ia et libero arbitrio ad Valentinum 1,
319. 356. 361. 431. 796. 2, 191229. 235. 259. 607.
6, 315. 320. 325. 342. 358. 368. 372. 380. 386. 7,
446. 475. 8, 359. 9, 308. 14, 484 ss.

-—— de haeresibus ad Quodvultdeum 5, 171. 6, 260.
- hypognosticon 6, 306. 310. 391.

INDEX TnEoLoeloUs Ans.

 

140

Augustinus.

-- tractatus in Ioannem: V. VI. 7, 712. 9, 23.
18, 704. -— VIII. 1, 868. 2, 694. 8, 693. 9, 880.
18, 375. XI-XIII. 1, 265. 313. 2, 16. 185. 7,
22. 9, 452 15, 110. XV. 1,.954 2, 958. XIX.
16, 430. XXII. 11, 793. XXV-XXVILL 107.
949. 957. 1019. 2, 952 sq 961.1036.1047. 7,
712. 9, 24 ss. 154. 158. 1q64. 442. 480. 503. 11,
753. XXIX—XXXI. 1361. 1000. 2, 235. 1006.
6, 314. XXXVH—XLI. 1,350.491.869.1000.
2, 106. 695. 1006. 7, 324. 8, 693. 11, 561. 801.
XLV-L. 1, 323. 533. 543. 599. 717. 736. 857.
957. 1008. 2. 195. 382. 494. 501. 753. 815. 886.
961. 1025. 1028. 6, 265. 380. 7, 19. 29. 656. 8,
337. 9, 77. 173. 502. 510. LII. LIII. 1, 320.
461. 862. 2, 192. 680. 6, 315. 7, 9. 474. 14,
484. LVIII. LIX. 2, 1036. 8. 665. 9, 27. 160.
481.503. LXII. 9, 27. LXXIX. LXXX. 1,474.
940 sq. 1067. 2, 431. 943 ss. 1067. 5, 454. 6,

’ 167. 7, 20. 9, 21. LXXXIV. 1, 716. 2, 492.
6. 486. 7, 583. XCV. sq. 1, 637. 2. 431. 856.
CIX—XII. 1,526. 2, 370. 382. 18, 696. CXXIV.
7, 19. tract. in epist. 9, 452.

- contra Iulianum 14, 490. spec. lib. I. 1, 320.
348. 2, 192. 14, 485. lib. 11. 1, 348. 350. 415.
2, 297. 441. 443. 5, 522. 6. 294. 7, 427. lib. IV.
1, 388. 756. 2, 212. 565. 6, 354. 7, 476. 8, 166.
211. lib. V. 1, 353. 2, 226. 699. 5, 523. 7, 428.
8, 166. 211. 280. 288. 302. 359. 9, 307.

-— contra adversarios legis: 1, 375. 1034. 2, 270.
1058. 7, 579. 15, 289.

. — contra Maximinum: 1, 642. . 2, 862.

- de moribus ecclesiae: 1, 442. 2, 930. 10, 196.
- (16 moribus Manichaeorum: 1, 669. 2, 917.

- (16 natura et gratia 1, 323. 339. 428. 2, 195.
214. 256. 6, 299. 320. 347

—- de opere monachorum: 1, 267. 444. 448. 1083.
2, 18. 930. 932. 936. 1085. 6, 409.

- de ovibus: 9, 357.

- contra Parmenianum: 1, 548. 664. 666. 912. 1034.
ἰἑὲἔῖᾶ. 12, (332. 759. 912 sq. 974. 1059. 7, 683. 105,

- de peccatorum meritis: 1, 268. 311. 333. 341.
474. 726. 2, 20. 182. 206. 217. 431. 485. 6, 304.
311 sq. 320. 353 ss. 7, 7. 9. 33. 444. 683. 8, 166.
211. 302. 358. 14, 486 sq.

- contra Pelagianorum epistolas: 14,486 sq. 18, 374.
—· de perfectione iustitiae: 1, 320. 339. 2, 192.

 

 

 

