ΡΒ. XX.

ΡΒ. XXII.

ΡΒ. XXIII.

ΡΒ. XXIV.

ΡΒ. XXV.

ΡΒ. XXVI.

ΡΒ. XXVII.

INDEX LOOORUM S. S. PSALMI.

8 ΒΒ. -— 1, 433. 2, 55. 262. 6, 270.
8, 302. 9, 533.

12. - 1, 780. 2, 591.

13. —— 1, 707. 709. 2, 469. 471. 7,

568.

4. - 2, 644.

8. -- 7, 26.

10. - 2, 249.

2. - 1, 530. 2, 377.

5. - 1, 917. 2, 651.

7. - 7, 110.
20. - 7, 329.
26. —— 1, 440. 2, 928.

4. -— 1, 461. 2, 415. 421. 563.
6. - 2, 222. 8, 415.

1. - 6, 69.

4. -- 9, 610.

6. —- 2, 719.

7. - 7, 239. 9. 150.

8. - 9, 471.

-- 6, 212.

1. -— 2, 628.

6. -- 2, 632.

7. - 2, 448.
10. —- 1, 780. 2, 403. 591.
17. - 6, 293. 299.

18. - 2, 632.

1. - 1, 790. 2, 601.

2. - 1, 933. 2, 673.

6. - 8, 421.

8. - 8, 411.

9. - 2, 601.

3. - 1, 899. 2, 164.

4. - 8, 425 ΒΒ.

8. — 8, 409 ΒΒ.

10. - l, 924. 2, 662.

14. - 2, 412.

Ps. xxvm. 1. - 5, 223. 7, 138.

ΡΒ. XXIX.

8. — 2, 249.
- 2, 55.

251.

 

ΡΒ. XXX.

ΡΒ. XXXI.

ΡΒ. XXXII.

4. - 5, 224.
8. - 1, 814.
7. - 2, 516.
10. - 5, 223.
13. - 5, 228.
6. - 2, 652.
16. - 2, 184.
19. - 9, 129.
20. - 8, 23.

23. - 2, 412.

7, 138.
2, 325. 5, 228.

7, 136.
7, 137.

5, 184.

1. -—— 1, 722. 762. 787. 2, 480. 542.
572. 598. 7, 447. 454. 461.
471. 477. 483. 596. 8, 635.

2. - 7, 358. 9, 717.
4. - 5, 588. 7, 415.
5. - 1, 702. 2, 484:
8. - 2, 680. 852.

9. - 7, 415.

11, - 8, 23.

ΡΒ. XXXIII. 6. - 2, 103. 144. 9, 156. 636.

10. - 5, 220.

ΡΒ. XXXIV. 2. - 5,· 228.

ΡΒ. XXXV.

ΡΒ. XXXVI.

12. - 1, 808.
441.
13. - 2, 144.
18. - 2, 885.
19. — 5, 224. ,
22. -- 2, 686.
7. - 2, 652.
8. - 1, 499.
349.
9. - 8, 295.
15. - 1, 890.

2, 317. 421. 684. 8.

7, 137.

2, 121. 123. 848. 8,

2, 439.

18 sq. - 1, 908. 2, 151. 827. 634.

22 sq. — 1, 811 ΒΒ.

8. - 5, 179.

— 8, 217.
2. - 2, 89.
8. - 2, 410.

2, 322 ΒΒ.

7. — 2, 155. 702. 8, 311. 9, 257.

804.
9. - 9, 669.

 

