639
Gap. I.

Oap. 11.

Gap. 111.

Gap. IV.

INDEX LOOORUM S. S. ΕΡ. IOHANNIS I.—APOOALYPSIS. 640·

8. - 5, 520. 7, 206. 359. 461. 556.
9. - 1, 702. 2, 464. 633.
10. - 2, 672. 7, 206. 359.

1. - 1, 719. 911. 912. 2, 477. 643.
645. 5, 532. 6, 39. 7, 23.
556. 11, 486. 18, 14.

2. - 2, 387. 7, 11. 575. 10, 160.
5. - 8, 626.

12. - 1, 719. 2, 390. 477. 8, 621.
10, 163.

13. -· 7, 332.
18. - 1, 1036. 2, 1065. 5, 410.
19. -— 1, 882. 2, 453. 717. 718. 8,

55. 321. 333.
20. -- 2, 365. 395.
23. -- 2, 252.

27. - 1, 538. 2, 365. 395.
1. -- 1, 924. 1125. 2, 503. 662,

2. - 1, 457, 1036. 2, 311. 409.
541. 741. 1065. 5, 213. 7,

222. 465. 601. 8, 490.
3. - 1, 777. 2, 588. 8, 54.
4 33. - 1, 465. “

8. - 1, 504. 507. 775. 2, 128. 130.
131. 585. 7, 182. 9, 277. 757.

9. - 2, 220. 240. 7, 205.

10. - 1, 507. 2, 131. 537.

14. - 7, 553.

15. - 1, 409. 2, 295.

16. - 1, 521. 2, 354.

20. - 2, 470. .

22. - 1, 906. 2, 631. 634.

23. - 1, 437.

24. - 2, 396. 430. 583. 713. 7, 693.
1.-1165g5. 1060. 2, 365. 5, 404.
2. - 7, 110.

3. - 1, 1010. 2, 1033.
6. — 7, 456.
7. - 1, 777.
3. - 7, 356.
9. -3, 211.

 

Cap. IV.

Gap. V.

Gap. I.

osan.

10. -- 1, 758. 2, 337. 563. 537. 10,

160.

12. - 8, 627.
13. - 1, 471. 2, 396. 7, 693.’

15. - 7, 699.

18. - 1, 465. 2, 420.

19. - 8, 165.

3. - 7, 460.

4. - 2, 170. 240. 415.Α 7, 451. 471.

601.
6. - 1, 954. 2, 958ὓ. 10, 212.

7. 8. - 2, 394. 8, 566. 9, 636.
20, 333.

12. - 1, 756. 773. 2, 565. 533.
14 sq. - 2, 629. 678.

16. - 5, 531.

13. - 2, 240. 7, 359.

. 20. - 1, 485. 2, 99. 9, 326. 328.

635. 646. 643. 19, 541.

21. - 2, 84. 6, 621. 9, 431. 588.
596. 614.

ΕΡ. IOHANNIS III.

9. — 10, 81.
ΕΡ. IUDAE.
6. - 1, 505. 2, 128. 736. 5, 216.
7, 123. 351.
8. - 7, 91.

9. -- 1, 500. 507. 2, 123. 131.
10. - 7, 155. 177.
16. - 7, 169. 228.

APOCALYPSIS.

5.- 1, 953. 2, 957. 5,191.
6. - 1, 1033. 2, 367. 1063.

5. - 5, 532. 7, 469.

