567

cap. 11.
Gap. ΠΙ.

Cap. IV.
Cap. VII.
Cap. X.

Gap. XI.

Gap. XII.

Gap. XHI.

Gap. XIV.

Oap. XVI.

INDEX LOOORUM S. S. EZEOHIEL.

EZEOHIEL.

20. — 1, 1081. ’
28. - 1, 281. 2, 33. 5, 189.

3. - 1, 886. 2, 728.

14. Ξ ξ, ἕὲῑᾷ. 629. 1041. 2, 781. 847.
5, 288. 286.
16. - 1, 981.

26. - 1, 641. 1053. 2, 169. 861.
4. ·- 2, 769.

19. - 1, 842. 2, 218220. 233. 6,
868. 7, 9. 444. 474. 8,168.

2. - 1, 886. 2, 728.
18. - 1, 854. 896. 2, 227.

9. - ιο1ὲ8589. 2, 729. 749. 8, 824.
19. - 7, 49. 8, 882.

9. - 2, 169. 9, 296.

18. - 1, 931.

14. - 1, 915. 2, 649. 7, 389. 583.
20. - 7, 583.

20. - ἐμ 559. 985. 2, 775. 998. 9,
58. - 9, 657.

59. - 6, 888.

61. -- 7, 849.

Oap.XV11. 20. - 1, 854. 896. 2, 227. 7, 475.
oap. xvm. 2 ss. - 8, 289.

4. — 5, 179. 7, 8.
9. - 1, 791.
14. - 5, 203.

20. - 1, 874. 426. 721. 2, 268. 280 sq.

309. 479. 7, 111. 8, 337.
21. - 1, 709. 791. 2, 471. ‚

23. - 1. 675. 2, 765. 6, 871. 8,

300

24 88. - 1, 721. 761. 2, 480. 570.

8, 322.

 

Gap. XVIII.

Oap. XX.

Gap. XXII.

Cap. XXIII.

Oap. XXVIII.
Cap. XXIX.

Oap. XXXI.
Cap. XXXII.
Gap. XXXIII.

Gap. XXXIV.

Oap. XXXVI.

568

81. - 1, 689. 2, 488. 7,11.
82. - 1, 675. 887. 2, 765. 8,112.
84. - 1, 721.

11. - 1, 780. 9, 758.

12. - 1, 402bis. 2, 288518.
24 sq. 39. — 9, 276. 297. 596³.
43. — 1, 752. 2, 560.

44. - 7, 606.

8. - 1, 402. 2, 288.

12. - 10, 247.

25 ss. - 71, 3340. 1052. 2, 859.
30. - 14, 367.

11. - 8, 113.

87. — 1, 985. 2, 998.

88. - 1, 402. 2, 288.

10. - ,1, 814. 2, 326. 8, 338.

4. - 1, 900. 2, 164.
19. - 1, 1119. 2, 1118.

18. - 1, 814. 2, 326. 8, 338.

3. - 7, 475.

7. - 5, 284. 286.

11. - 1, 675. 887. 6, 371. 8, 300.
15. —- 1, 791.
31 88. — 5, 237.

1 sq. — 5, 291. 7, 637.

4. - 1, 656. 1059. 2, 903.

11. - 2, 725*.

23. — 2, 250.
22. - 1, 723. 2, 482. 555. 7, 606.

25. —- 1, 537. 2, 395.

26 sq. - 1, 840. 862. 929. 2, 215.
{321 25⁶.. ⁷1²3. 44⁶4. {3³⁸2

8, 168. 301.
32. - {31723 2, 482. 555. 10,

Gap. XXXVII. 1 88. —- 5, 203⁴&

4 88. -— 1, 816³. 2, 327³.

 

