585
Gap. m.

Gap. IV.
Gap. V.

Gap. VI.

Gap. VH.

Gap. VIII.

Gap. IX.

Gap. X.

INDEX LOOORUM S. S. LUOAS.

1. — 2, 397.
3. — ὲ,1),15693 2, 449. 966. 1078. ,9,

6. - 1, 889. 2, 438. 7, 489.
14. - 1, 1109. 9, 1106. 7, 79.
16. - 1, 961. 9, 696. 988.

17. - 8, 54.
22. - 2, 385.

23. - 2, 998.

38. - 2, 348.

18. — 1, 894. 2, 450. 458.
14. - 1, 898. 2, 459.

34. — 1, 666. 9, 918. 7, 660.
6. - 5, 646.

13. - 2, 760.

23. - 1, 767.

94. - 1, 664. 9, 616.

35. — 10, 946.

69. - 7, 85.

16. - 5, 192.

23. - 8, 9.

28. - 9, 466.

99. 35. - 2, 534.
38 sq. - 1, 1733. 7999. 9, 488³.
47. - 1, 794. 9, 469.

7. - 1, 454. 2, 406.

8 66. - 8, 290 66.

14. — 1, 454. 2, 406.

18. - 1, 772. 7, 171.
29. — 7, 182.

30. - 1, 504. 2, 127.

2. - 8, 438.

23. — 1, 775. 2, 585. 8, 21.
24. -— 5, 252.
26. - 1, 501. 2, 124. 5, 244. 6,

544. 8, 401.

50. - 10, 260.
55. — 2, 640.
58. - 7, 90.

16. -- f15, 5161531). 630. 1041. 2, 778. 848.

 

Gap. X.

Gap. XI.

Gap. XII.

Gap. XIII.
Gap. XIV.
Gap. XV.

Cap. XVI.

588

16. - 1, 606. 9, 160.
20. - 9, 790. 6, 669.

21. - 1, 488. 2, 428.

22. - 1, 477. 1066. 9, 398. 1085.
23. - 9, 609. ·
94 sq. - 1, '370*. 9,· 248. 333.
28. - 1, 445. 2, 934³.

27 ss. - 1, 379. 423. 2, 974. 606.
30 66. - 5, 542.

1. - 6, 91.

9 sq. -- 1, 9996. 9, 660.
4. - 7, 666.

9. — 5, 344.

21. - 1, 507. 2, 130. 8, 41.
41. — 2, 488.
42. - 5, 270. 8, 587.

1. - 7, 559.
5. -- 9, 138. 5, 184.
10. - 1, 878. 732. 2, 103. 452. 498.
14. - 1, 853. 2, 899. 7, 88.
20. - 5, 178.
69. - 7, 467.
49 ss. - 5, 964. 12, 479.

64. - 8, 664. 9, 279. 6066.
91. - 9, 999.

7. - 1, 499. 9,199. 7, 582.
20. - 1, 925. 2, 883.
22. - 6, 196. 7, 116.

9. - 1, 1161. 9, 531.

9. - 1, 798. 2, 808.
15. -- 1, 747. 9, 664. 664.

16. - 9, 964.

99. - 9, 166. 5, 167. 7, 117.
23. - 1, 499. 2, 122. 7, 124.

25. - 7, 99.

Oap. XVII. 3. — 1,,1132. 2, 511.

6. - 1, 946. 9, 946. 7, 358.
7. - 1, 785. 2, 574.

10. - 1, 764, 770. 909. 9, 580. 7,
559. 582. 8, 634.

