591
Cap. VI.

Cap. VII.

INDEX LOOORUM S. S. IOANNES.

63. - 7, 176. 9, 166. 232. 511. 597..
64. - 8, 274.
65. - 9, 315.

67. - 9, 277. 299.
70. - 1, 333. 2, 693. 719. 3, 332.

16. - 1, 630. 1042. 2, 235. 343.
18. - 1, 264. 2, 16.
24. -- 8, 304.

37. - 1, 537. 1070. 2, 381. 395bis. 1070.

89. - 2, 1021. 9, 186.

cap. vm. 6. - 9, 626.

Gap. IX.

Cap. X.

7. - 7, 196.
11. - 7, 85. 8, 463.

12. -- 1, 477. 2898544. 7,172.285.
16. — 1, 490. 2, 104.

31. - 2, 403.

32. -- 1, 346.

34. - 1, 335. 2, 208. 8, 219.

36. -- 1, 346. 5, 519. 6, 293. 402. 7,

474.

44. -- 1, 504 sq. 507bis.2, 127 sq.
5, 520. 7, 182. 351..

130 sq.
8, 324. 466. 19, 673.

47. - 1, 555. 1047. 2, 771.

50. - 1, 264. 521. 2, 16. 353.
51. -- 5, 194. 7, 120.

56. — 1, 304. 2, 310. 315. 5, 189.

58. - 1, 521. 2, 354. 8, 556. 9, 366ὓ.

3. — 2, 154. 8, 311.
5. - 1, 477. 2, 355.
6. — 1, 1079. 7, 620.

24. - 2, 284.
81. - 1, 907. 2, 634.
84. - 7, 44.
41. -- 7, 234
3. - 2, 717.

4. — 1, 555. 1047. 2, 697. 771.
5. - 1, 1047.

7 ss. - 1, 477. 521. 2, 355.
11. - 1, 1093. 2, 1090. 5, 284.
12. - 5, 296.

 

Cap. X.

Gap. XI.

Cap. XII.

14. — 1, 521. 555. 1047. 2, 771.
16. - 7, 30. 8, 887.

17. - 2, 343. 9, 671.

18. - 2, 285. 371. 9, 353.

25. -- 2, 679.

26. - 1, 1047. 2, 697. 8, 275. 324.

27. - 1, 881. 2, 717. 5, 393. 6, 327.

7, 81.
23. - 2, 533. 7, 464. 3, 321.

29. - 2, 697. 3, 100. 345. 11, 793.
30. - 2, 235. 9, 534. 636.

34. — 5, 220. 7, 88.

85. - 1, 1103. 2, 1095. 7, 134. 563.

37. - 1, 486. 2, 100.

10. - 8, 83.

11. - 5, 207. 7, 129.

25. - 2, 343. 740. 5, 194. 7, 120.
26. - 5, 335. 7, 221. 599.

41. - 1, 486.
44. - 1, 698. 2, 460.
47. -- 1, 642. 2, 361.
52. — 8, 336.
10. - 2, 24.
19. - 1, 273.
26. - 5, 549.

27 sq. - 2, 848. 879.
81. -- 2, 126. 180.
32. - 2. 736.

35. - 7, 607.
37 sq. - 2, 724. 3, 291*. 9, 6343.
12, 679.

39. - 1, 336. 2, 723.

40. - 3, 290.

41. - ‘1100 434. 2, 99. 110· 9, 366.
42. - 5, 252.

43. - 2, 540. 6, 546.

46. — 1, 477.

Cap. xm. 2. -- 7, 132.

15. - 9, 619.

18. -- 1, 333.

345 2, 693. 720. 3, 335.

