581
Gap. XX.
28. -- 2, 371. 7, 36.
30. —- 7, 105.
Gap. XXI. 5. - 7, 457.
9. — 2, 251. 7, 105.
12. - 8, 471.
15. - 7, 105.
19. - 7, 354.‘
22. - 2, 635. 6, 89. 482.
25. - 1, 1069. 2, 1069. 7, 493. 619.
43. - 5, 175.
Gap. XXII. 1 seq. - 1, 882⁴& 2, 719⁴.

13. —- 1, 683. 2, 744. 14, 427.
14. - 1, 881 818ᾳῦ. 2, 717 seq&
21. —- 7, 86.

23. - 1, 381. 9, 597.

80. - 1, 501. 2, 124. 188. 7, 128.
82. - 1, 807. 969. 2, 276. 319. 978. ·

7, 115. 328. 678.

37. - 1, 379. 2, 274. 5, 331. 7, 461.

42. - 7, 105.
Gap. xxm. 2. -- 5, 538. 19, 528.

3. - 1, 856. 1050. 1062. 2, 886.

5, 404. 8, 52.
4. - 1, 225. 1059. 1062. 2, 867.
8. - 1, 632. 1043. 2, 851.
28. -- 1, 422. 2, 304. 9, 617-
25. - 2, 488. ·
87. - 2, 7278. 5, 518. 8, 864.

Gap.XX1Y. 11. - 1, 640. 1058.
14. - 1, 698. 2, 459.
22. -- 8, 341.

24. - 1, 265. 640. 1052 sq. 2, 17.

6, 642. 7, 22. 8, 333. 345.
26. - 7, 562.
28. — 6, 2788. 7, 80. 612. 8, 78.
30. - 1, 534. 2, 888.
81. - 5, 210.
35. - 5, 410.
36. - 1, 501. 2, 124.
45 ss. - 12, 472.
51. - 14, 427.

 

INDEX LOOORUM S. S. MATTHAEUS.

cap. xxv,

cap. XXVI.

cap. xxvn.

cap. xxv111. 3. - 5 198.

582

14. -- 9. 549.
15. - 6, 3973.
21 ss. - 1, 344. 772. 2, 221. 582.

31 sq. - 1, 501. 682. 2, 124. 884.
733. 5, 213. 7, 224. 8,

34. - 1, 792. 2, 608 sq. 606. 728.
5, 210. 212. 7,181. 9, 616.

40. - 1, 797. 2, 608.

41. —- 1, 504. 507. 2, 127. 131.
5, 200. 14, 427.

42. - 8, 306. 308.

46. - 6, 43.

10. - 2, 739.

11. - 2, 1025. 9, 178. 511.

26. - 1, 952. 1011. 2, 866. 10088.
6. 127. 7, 16. 569. 9, 766.
10, 212. 11, 488. 16, 577.

27. - 1, 1020. 7, 17. 9, 591.

767.

28. - 1, 821. 2, 333.

33. -- 9. 625.

38. - 1, 1141. 2, 521.

39. - 2, 379.

41. - 9, 622.

52. - 8, 478.

53. - 1, 500. 2, 123.

75. - 1, 688. 2, 487.

4. - 1, 687. 2, 436. 5, 531.

23. - 6, 27.

46. - ἒ, 528ὸο 2, 877. 879. 5, 889.
, .

51. - 2, 264. ·

52. - ιἑὸρεω. 2, 328. 738. 18,

7, 116.

5. - 1, 499. 2, 122.

6. -. 2, 1030. 7, 698.

18. -- 6. 85. 176. ,

19. -- 1, 488. 680. 952. 987*.1040.
1043. 1087. 2, 108·. 848.
9958. 1087. 5, 533. 6,131.
471. 7, 57. 496. 566. 571.
679. 9, 716. 10, 214. 16,

207.
37 ¹¹

