495

Διάφορα 13, 592.
Διγαμία 11, 179.
Διδασκαλία 13, 540.
Δίκαιον 5, 119.
Δικαιώματα 2, 595.
Διχονοία 12, 403. 16, 266.
Δόγματα 18, 321.
Δορυφόροι 5, 147.
Δουλεία l, 383. 2, 88.
Δυσγαμία 11, 179.
Δύσκολος 5, 53.

Δῶρον 16, 84.

Ε.

Ἔγγραφος 9, 534. 18, 724.
Ἐγγνᾶσθαι 5, 77.
Ἐγκωμιᾶζειν 5, 490.
'maffia-1209 1, 320. 2, 191.

Ἐθελοθρησκεία 1, 224. 438. 844. 856. 1061. 2, 873.
883. 925. 6, 461. 503. 7, 42. 404. 610. 8,

Εἶδος 8, 572. 660.
Εἶδωλοδουλεία 1, 391. 2, 82.
Εῑδωλολατρεία 1, 391. 2, 82.
Εὶδωλολάτρης 13, 49.

Εἰδωλομανία 11, 540. 12, 72. 17, 343. 20, 461.
Εἰκάζω 11, 540.

Εἶκονικῶς 1, 303. 2, 72. 945.

Εἰκονομάχος 1, 394. 2, 86.

Εἰκότως 1, 103.

Εἰλικρινῶς 11, 451.

Εἶρηνοποιεῖν 15, 50.

Εἰρηνοποιὸς 11, 69.

Ἐκβιάζεσθαι 5, 30.

Ἑκηβόλος 18, 2782

INDEX VOOUM GRAEGARUM Ala—Er}

 

496

Ἐκκλησία 1, 570.
'Remos 1, 475. 2, 431.
Ἐνάργεια 5, 57. 15, 476.
’Ἐνδοξος 20, 364.
Ἐνθουσιασταὶ 1, 302. 2, 71.
Ἐνσοὶρκωσις 16, 579.
Ἔνστασις 18, 766.
Ἐξελθεΐν 16, 578.
Ἐξίστασθαι 20, 381.
Ego-sannam 16, 374.
Ἐξουσία 11, 471.

Ἐξοχῆν (κατ’) 2, 109. 9, 406. 20, 339.
Ἐπανόρθωμα 14, 389.
Ἕπαρχος 5, 147.

Ἐπερώτηοις 9, 512.
Ἐπιδεικτικός 21, 120.
'Enniana 5, 119.

Ἐπίκοινος 9, 554.

Ἐπίλυσις 6, 270.

'Euam-‘teis 17, 553.
Ἐπιστομίζειν 16, 374.
Ἐπίτασις 19, 90.

Ἐπίχαρμα 15, 591.
Ἐργοδιοὸκτης 16, 503.
Ἐριστικός 19, 342.

Ἐσθλός 11, 540.

Ἐσκαμμένα 9, 531.
Εὖαγγελίζεσθαι 9, 788.
mmmmm 5, 157.
Εὖθυμία 5, 22.

Εόλογία 9, 843. 18, 301.
munta 11, 61.

Εὖπροὶττειν 16, 374.
Εὖρηκέναι κατὰ σάρκα 8, 675.
Εὖσέβεια 2, 86. 5, 102. 12, 555.

