563
Cap. LVIII.
6. - 1, 689. 2, 438. 7, 11.
7. —- 2, 510. 5, 306.
8. - 9, 306.
13. - 1, 403. 406. 2, 289. 291.
Cap. LIX. 1. — 1, 744. 2, 550.
2. - 2, 550. 7, 193. 557.
15. - 1, 758. 2, 567.
16. - 7, 506.
17. - 2, 544.
20. - 1, 694. 2, 450 sq. 8, 132.
21. - 2. 59. 69. 749.
Gap. LX. -- 8, 413.
2. - l, 336. 2, 210. 8. 303.
3. -—- 7, 92.
4. ·--· 8. 448.

6. — 1. 592. 2, 810.
19. - 1, 323. 2, 194. 5, 200.

Gap. LXI. 1. —-— 1. 694. 751. 2. 362. 450. 458.
558. 5, 335. 6, 21.

3. -- 2, 575.
cap. an. 6. — 5, 283 seq. ⁸

cap. Lxm. 3. - 7, 575.
4. - 1, 682.
10. - 1, 488. 2, 103. 7,193.
16. - 1, 916. 924. 2, 651. 662.
17. -- 1, 354. 2, 226. 451. 20, 558.

Cap. LXIV. 5. -- 1, 906. 2, 632. 7, 358.
Gap. LXV. 1. — 1, 878. 2, 713. 6, 366. 383.

8, 97.
2. - 2, 727. 6, 352. 8, 422.
9. - 8, 341.

, 16. - 2, 283.
17. - 9, 659.

24. 25. - ἒ. ἓὲθ. 1107. 2, 638. 1100.

cap. val. 1. - 152320. 927. 2, 658. 665. 9,

2. -- 1, 750. 2, 558. 6, 366. 383.
3. - 9. 660.

 

INDEX LOCORUM S. S. IESAIAS—IEREMIAS.

Oap. LXVI.
17. - 9, 660.
14. - 1, 682.

Gap. I.

Cap. Π.

Oap 111.

Gap. IV.

Gap. V.

Gap. VI.

= Cap. VH.

Gap. IX.

Cap. X.

22. - 1, 816. 2. 327.
23. — 1, 403. 2, 289. 9, 659.

24. - 1. 683. 2, 744. 5, 343. 7,
554. 14 427.

IEREMIAS.

6. 10. - {3483ae sq. 886. 1041. 2, 723.

15. -- 1, 897.

13. - 1. 261. 2, 13. 6. 461.
283 - 2, 648. 7, 655. 11, 489.

1. 12. - 1, 675. 2, 765.

15. - 7, 637.
1 88. -- ὲὲὸξῦὃὲὶ. 689. 2, 237. 438. 8,

4. - 1, 689. 2, 438. 6, 121. 7, 11.
9. — 1, 641. 1043. 2, 24. 861.

- 7, 475.
3. - 2, 487. 579. 7, 463.
7. - 2, 283. 7, 94.

13. — 1, 640. 1052. 2, 859. 7, 35.

30. - 8, 332.
- 6, 81. 7, 475.

3. -- 1, 779.

4 seq. - ὲ, Ε52515. 1047. 2, 599. 769.

13. -- 1. 364. 238.

21. —- 7, 40.

22. - 1, 849. 851. 1048. 2, 878. 880.
23. - 1, 779. 2, 590.

27 seq. — 1, 364 sq. 2, 238 sq.

13. — 7, 24.

22. - 7, 356.

23. —- 1, 304. 752. 2, 73. 560.
24. - 1, 487., 2, 101.

2. - 1, 511. 2, 147. 7, 527.
3. - 2, 78.

 

 

