 

583 mDE'x Locomm 8. S. nummus-Luem. 584

Cap. XXVIII.

20. — 1, 271. 533. 632. 634. 1049. 2,
22. 382. 853. 1031. 5, 340. 529.
6, 35. 175. 9, 83. 170. 173. 510.

MARCUS.
cap. 1. 1. - 2, 810.

4. - ἑὲ5693. 1078. 2, 449. 1078. 9,

10. -— 9. 439.

15. - 1557893. 2, 449. 8, 870. 7,
25. — 9, 824.

Gap. 11. 7. -- 12, 874.

Gap. 111. 15. — 1, 488. 2, 100.
28. - 1, 878. 782. 2, 452. 498.

29. -— 2, 103. ” ⁴
Gap. IV. 12. - 8, 290 seq.
25. - 7, 171.

cap. VI. 7. - 1, 488. 2, 100.

13. -- 1, 177³. 1079. 2, 1079. 7, 21.

> 570. 831.
Gap. v11. 81. - 7, 620.
84. — 9, 548.

Cap. VIII. 38. - 8, 404. 9, 622.

Cap. IX. 24. - 1, 943. 2, 946. 7, 358.
42. - 8, 53.

43. - 1, 683. 2, 744. 14, 427.
47. —- 8, 82.
Gap. X. 7. - 7, 214.
14. - 7, 567.
30. -- 1, 794. 2, 606.
35. - 8, 344.
42. - 1, 1058.
Gap. XI. 13. — 7, 354.
24. - 1, 908. 6, 89. 7, 23.

cap. ΧΠ. 27. - 5, 1978. 7, 828.

Gap. x111. 20. - 8, 841.
82. - 1, 521. 2, 854. 20, 74.

 

Gap. XIV.

Gap. XV.

Gap. XVI.

Cap. Ι.

Cap. H.

16. —- 9, 133.
22. - 2, 1003*. 7, 16. 9, 766.

28. - 1, 527. 2, 872.
84. ·- 6, 29.

9. - 1, 504. 2, 127.

15. - 1, 564. 1087. 1088. 2, 995.
1087. 6, 471. 7, 571.

18. - 1, 117. 958. 9878. 2, 962. 9958.
7, 57. 9, 116. 200.

19. - 1, 533. 2, 382.

20. — 1, 284. 2,16. 7, 22.
LUOAS.

1. - 9. 439.

8. - 1, 784. 2, 596.

16. -- 12, 879.

17. — 8, 302.

31. - 1, 388. 513.
82. - 1, 522. 2, 856. 858. 8, 23.
38. - 2, 883. 8, 511.

84. - 2, 1025.

85. - 8, 566.

48. - 1, 522. 2, 858.
48. -- 5, 179.

48. - 8, 808.

51. - 5, 220.

54. — 1, 804. 2, 815.
55. -- 8, 28.

88. — 5, 838.

72. - 1, 804. 2, 815.
74. - 1, 777. 2, 587.

75. -’ 9, 758.

77. - 1, 744. 2, 551. 7, 18. 487.
598. 9, 545.

79. -- 2, 848.

10. 17. - 9, 628.

21. - 7, 89.

84. - 2, 27.

85. — 8, 42.

87. - 1, 887. 2, 915.
52. - 1, 521. 2, 854.

 

 

