573
ZAOHARIAS.
089. 1. 3. — 1, 362. 2, 236³. 726³. 9, 292.
12. -— 7, 582. ’
089. Π. 8. - 1, 895. 2, 159. 8, 407.
“ 12. - 2, 684.
089. 111. 1. — 7, 182.
9. —- 1, 754. 2, 563.
10. - 7, 479.
089. V. 3. — 5, 269. 6, 566.

089. vll. 13. — 1, 680.
089. ΙΧ. 9. —-— 2, 251.

11. - 1, 530. 2, 376.
089. XI. 9. - 8, 84.
17. - 5, 310.
089. ΧΠ. 4. - 2, 860.
9. -- 9, 277.
089. XIII. 7. - 1, 489.’ 9, 620.
9. —- 2, 638.
089. XIV. 8. —— 5, 393.
9. - 2, 89.
MALACHIAS.
089. I. 2.- 2, 685. 8, 278.
6.- 1, 381. 464. 1125. 2, 276. 419.
503 5, 327.
9. - 1, 1025.
10. - 7, 578.
11. -— 1, 1032. 2, 1062. 7, 643. 9,
659. .
089. 11. 4. 6. —- 1. 629. 2, 770. 847.

2, 454.
890. 7, 457. 9, 667·.

7. - 1, 514. 631. 640. 1041. 2, 859.

5, 283.
10. 352.

8. - 1. 628.
10. - 6, 373.
14 — 8, 295.

6, 522. 7, 34. 9, 547.

2, 846. 9, 547.

 

INDEX LOGORUM S. S. ZAOHARIAs-EOOLESMSTIOUS.

089. 111.

089. XII.

089. 11.

089. ΠΙ.
089. VII.

089. ΙΧ.
089. XI.

089. XIII.
089. XIV.
089. XV.

089. XV.
089. XVI.
089. XVII.

089. XVIII.

089. ΧΧ.

574

1. -— 2, 98. 124. 9, 353. 373. 635.
6. -— 6, 274. 9, 262.
17. - 1, 832. 2, 616.
19. - 2, 722.
20. - 2, 309. 7, 172.
22. - 6, 270.
23. - 2, 312.
24. - 2, 752. 12, 677 sq.
TOBIAS.
15. -— 1, 500.
SAPIENTIA.
23 seq. — 5, 182. 520. 7, 112.
10, 156.
1. - 5, 222.
2. - 10, 173.
15. - 5, 196.
24. -- 8, 295.
2 seq. — 8, 563.
15. - 2, 80.
7. ⁴- 8, 288.
ECOLESIASTIGUS.

14. - 2, 245. 7, 553.
14. - 1, 771*. 2, 581.

1. -- 5, 182.

3 88. -- 5, 516.
26. - 5, 223.

8 88. —- 5. 222.
22. —- 7, 459⁴. 559.
7. - 9, 625.

cap. xxxlv, 24. -- 5, 306.
cap. xxxvn. 28. - 5, 230.

