627

bap. Ῑ.

Gap. ΙΙ.

Cap. 111.

Cap. IV.

Gap. V.

Cap. Ι.

INDEX Locorum S. S. AD THESSALONICENSES I.- AD TIMO'I'HEUM 1. 628

AD THESSALONICENSES 1.
4. — 2, 406.
5. -- 12, 679.
1. .- 12, 678.
5. -· 7, 101.
10. - 7, 101.
12. - 9, 773.
13. - 12, 473.
16. - 12, 679.
18. - 2, 164. 7. 182.
19. -- 2, 742.
20. - 12, 679.
3. - 3, 397.
5. - 1, 933. 2, 673. 752.
12. - 2, 235.
13. - 1, 792. 2. 603.
1. - 5, 253.

3. sq. - 1, 777. 330. 2, 614. 7, 233.
6. - 7, 219.
7. - 2, 709. 5. 399. 7, 203. 462.
13. - 5. 207. 7, 129. 657.
15. - 2, 740.
16. - 1, 500. 535. 2, 123. 384. 7, 224.
698.
17. - 1, 681. 6, 35.

2. — 1, 1098. 2, 1090.

4. - 1, 777. 2, 537.

9. — 1. 777. 2, 587.

13. - 10, 352.

17. - 1, 913. 2, 655.

19 sq. -- 1. 302. 2, 71. 239. 7,176.

21. — 5, 404.

22. — 9, 617.

23. - 1, 1126. 2, 504. 736. 5, 180. 7,
111. 13, 311.

24. - 8, 345.

AD THESSALONICENSES 11. .

5. — 1, 797. 2. 609.
6. -— 2, 528. 734.

 

Oap. 1.

. Gap. ΙΙ.

Oap. 111.

Cap. Ι.

Gap. II.

9. - 1, 683. 2, 744.
10. — 1, 682. 2, 742.
11. — 1, 362. 2, 236. 427.

3. - 1, 642. 2, 861. 6, 240. 7, 31.

4. - 1, 560. 624. 641. 2, 776. 842³*
860. 5. 403. 6. 495. 7, 610. 8,
79. 133. 9. 429. 549, 13, 487.

8. - 5, 212. 6, 244.
9. - 1, 265. 505. 2, 17. 129. 7, 22-
10. - 1. 354. 505. 7, 536.

11. —- 1, 354. 505. 1052. 2, 17. 129.

227. 7, 536. 8, 343. 358. 9, 261.
264. 277. 298.

13. - 2, 396. 8, 104. 300. 344.
14. - 1, 803. 2, 314.

3. - 7, 332.

5. - 6. 374.

6. - 19, 549.

10. - 2, 996. 7, 4259. 3, 493. 17.454.

11. - 1. 1087. 7, 76.

13. - 3, 53.

14. - 1, {5515 661. 674. 2, 765. 908.

15. — 1, 552. 664. 2, 912. 7, 76. 19,
520. 523.

AD TlMOTHEUM 1.

2. - 20, 332.

5. - 1. 421. 841. 2, 235. 303. 403.
624. 869. 5, 560. 7, 553.

9. - 1, 432. 2, 261.

13. - ι, 679. 2, 453. 7, 349.

15. - 2, 344.

16. - 8, 165. 210.

17. — 1, 435. 2, 99. 111. 8,318. 20,332.

19. - 2, 403. 624. 3, 46.

20. - 8, 480.

1. -— 1, 911. 917.918. 1117. 2,645. 1111.
7, 531. 657. 3, 478* 18,186.

2. - 29141096. 6, 175. 7, 84. 92. 17,

4. -—- 1, 887.ἰ 2, 725! 8, 112. 300.

302.* 337· 9, 292.

 

1
1

