 

533
Cap. IV.

Cap. V.

Cap. VI.

Gap. VH.

Gap. vm.

Cap. IX.
Gap. X.

Cap. XI.

Gap. XH.

Gap. XIII.

INDEX Locomm S. S. DEUOEERONOMIUM.

9. — 1, 374. 2, 269.

10. - 7, 192.

11. - 2, 76.

13. - 6, 51.

15. — 2, 75. 279. 6, 55.
35. — 9, 716.

37. - 2, 683. 8, 303. 305.

- 6, 51.

9. - 7, 26. 6, 269. 338.
14 - 1, 404. 2, 290.
17. - 1, 1107. 2, 1100.
25. - 5, 204.

4. - 9, 634.

5. - 2, 615. 7, 95.
13. - 2, 264. 7, 24. 93.
25. - 1, 784. 2, 595.

6. - 1, 361. 2, 276.

8. - 2, 683. 8, 303.
9. — 1, 783. 2, 593.
12. - 1, 779. 2, 590.

2. - 2, 150.

3. - 1, 512. 931. 2, 670. 6, 99. 253.

17. - 6, 99. 253.

6. - 2, 683.

3. — 6, 51.

12. - 1, 421. 2, 303. 7, 95.
14. — 1, 626. 2, 337. 663.
15. - 8, 305.

16. - 1, 970. 2, 978. 6, 121.
17. - 8, 304.

20. - 2, 264. 7, 93.

14. - 1, 512.

26. - 1, 779. 2, 590.

6. - 7, 40. 609.

28. — 1, 374. 2, 269.

32. - 1, 850. 2, 879. 7, 40. 9, 760.

1. - 1, 1047. 1051. 9, 295.
2 ss. — 7, 536. 8, 49.
6 ss. - 8, 475. 15, 109.

 

Gap. XIII.

Oap. XIV.

Cap. XVI.
Gap. XVII.

Cap. XVIII.

Cap. XIX.
Cap. XXI.

Gap. XXIII.

Cap. XXIV.

Cap. XXV.

Cap. XXVI.
Cap. XXVII.

oap. XXVIII.

Oap. XXIX.

534

12 66. - 8, 476.

2. - 1, 381. 2, 276.

19. -- 1, 1106. 2, 1100.

5. - 15, 109.

8. ·- 1, 698.

10. - 1, 629. 2, 847.

12. - 1, 629. -

16. - 1, 1106. 1119. 2, 1100.
5. - 9, 758.

10 66. - 15,3,’17312, 495. 750. 7,
16. - 5, 204.

5. - 2, 171.

18. - 1, 407. 2, 293.

23. - 1, 527. 2, 373. 6, 27.
33. - 5, 339.

5. - 2, 683.

19. ·- 5, 306. 10, 246.

1. - 7, 572.

13. - 1, 784. 2, 595.

5. - 10, 235.

18. -— 1, 381. 2, 276.

- 5, 331.

26. - 1, 428. 2, 256. 373. 554.
597. 6, 79. 8, 634.

1 seq. -2-691, 363. 374. 2, 161. 237.
12. - 1, 512.

20. - 1, 697.

23. - 1, 512.

26. - 9, 565.

29. - 1, 1116. 2, 1112.
36. - 6, 253.

2. - 1, 328. 2, 201.
4. - 6, 370.

8. - 7, 193.

29. -— 2, 155. 681. 9ὲ4260. 303.

