 

565
Gap. X.
11. - 2, 110. 8, 384. 392. 9„ 400.
23. - 1, 890. 2, 149. 7, 349*. 8, 351.
24. - 1, 725. 2, 483.
Cap. XI. 7 sq. — 1, 851. 2, 631. 880.
13. -- 1. 914. 2, 648. 7, 24.
19. - 2, 1015. 7, 644. 9, 437*.
Gap. XII. 16. - 2, 283.
Cap. XIV. 7. —- 1, 906. 2, 632.
14. - 1, 640. 1052. 2, 859.
Cap. XV. 1. — 1, 914³. 2, 649.
10. - 10, 263.
19. — 6, 384.

Cap. XVII. 1. —- 1, 722. 2, 481.
5. - 1, 322. 2, 194.

9. - 1, 336. 755. 2, 210. 564. 6,

265.
21. 22. 27. - 1, 402. 2, 288.

cap. xvm. 6. — 7, 353.
8. - 1, 900. 2, 165. 8, 113.

18. -- 1, 273. 641. 2. 24. 861. 6,

519. 7, 32.
Gap. xxl. 6. - 9, 261.
12. - 2, 1100.

Gap. XXII, 2 seq. —- 13 1106. 2, 1099 eq. 5,

354.

cap. xxm. 6. - 1, 463. 2, 97. 250. 539. 9,

635.

16. - 1, 645. 1060. 2, 865. 9, 453.

21. - 9, 453.

28. - 1, 629. 1041. 2, 847. 7, 6.

9, 453.
cap. xxlv. 7. - 1, 329. 2, 202.
cap. xxv. 9. - 9, 310.
11. - 1, 298. 2, 65.

12. —- 2, 65. 18, 620.
29. - 2, 486.

Cap. xxvn. 5. 17. - 1, 1119* seq· 2, 1113 sq· O IV
. ap. .

cap. XXIX. 7. - 1, 1120. 2, 1114.
10. — 16, 620.

 

INDEX LOCORUM S. S. IEREMIAs-THRENL

Gap. XXIX.

Oap. XXXI.

Gap. XXXII.

Oap. XXXIII.

Cap. XLII:
Gap. XLIV.
Cap. XLVIII.

Cap. L.

Cap. ΠΙ.

Gap. V.

12. - 1, 910. 6, 69. 7, 23.
13. - 1, 907.
8. - 1, 302.
15. - 5, 229.

18 sq. - 1, 339. 362. 2, 213. 235.
ἐξὲξ. 6, 367. 7, 445. 9,

sq. — 1, 302. 721. 622⁴». 2. 237.
334. 460. 5, 320. 335. 7,

31

577.
33. — 2, 276. 671. 6, 376. 7. 9.
232. 8, 301.
34. - 2, 460. 8, 627.
35. - 1, 540. 2, 760.
16. - 2, 641.
16. - 2, 260. 6, 289.
32. — 1, 364. 2, 238.
39. — 1, 342. 2, 216. 6, 392. 7,

9. 444.
40. - 6, 356. 392. 7, 445.

6. - 1, 672. 2, 671. 762.
12. -. 7, 637.

16. - 1, 484. 2, 97. 539.
2. 9. - 2, 640.

15 sq. — 11, 485.

10. - 1, 1104. 2, 1096. 9, ’264
300. 311.

20. — 1, 722. 2, 460.
23. -- 1, 354. 2, 227.

25. - 2, 168.
φΗΒΕΝΙ.

8. - 2, 643.

37. - 1, 896.

36. — 2, 161. 7, 3513.

4ο. - 6, 387.

20. -- 2, 250.

21.· - 20, 558.

36·

