587
Cap. XVII.

INDEX LOOORUM S. S. LUOAS-IOANNES,

14. - 1, 696. 2, 459.

20. — 6, 272*. 7, 119.

21. - 1, 928. 2, 864. 5, 212.
26. -- 6, 60.

cap. xv111. 1 sq. - 1, 917. 2, 656.

Cap. XIX.
Gap. XX.

Gap. XXI.

cap. xx11.

7. - 8, 341.
Q—Qffl&

13. - 1, 706. 750. 2, 556⁵.

14. - 4147726. 736. 2, 487. 585. 7,

20. — 7, 481.
17. 26. — 1, 344. 2, 221. 7,171.

87. - 1, 807. 969. 2, 819.
88. - 2, 978. 7, 116.

15. - 9, 284.
19. — 7, 77. 8, 87. 18, 620.
26. — 1,1147. 2, 527. 7, 223.
36. - 1, 917. 9, 668.

17 sq.‘- 1, 1066.

19. - 1, 1013. 2, 10088. 7, 571.
12, 474.

20. - ἑῂεὶ92. 2, 888. 12, 417. 16,

25. — 1, 652. 1058. 1104. 2, 898.
10978. 7, 69. .

61. - 7, 162.

32. -- 1, 626. 2, 717. 644. 5, 546.
7, 36. 12, 675.

41. -- 9, 604.

43. .- 1, 499. 2, 122.
44. -- 1, 763. 1141. 2, 521.
61. -- 1, 726. 2, 467.
62. - 1, 688. 2, 487.

cap. xx111.14. — 6, 27.

42 seq. —- 3733& 5, 199*. 7, 86.

46. - ξὲ1135. 736. 5, 184. 7, 114.

Gap. XXIV. 5. -— 1, 499. 2, 122.

26. - 1, 698. 2, 848. 892. 449. 609.
27. -- 1, 302. 469. 2, 71. 427. 7,175.

 

588
Gap. XXIV.
31. - 2, 1030.
32. — 7, 175.
39. —- 1, 521. 1021. 2, 354. 1029. 9,
78. 224. 777.
44. - 2, 497.
45. - ἒ17469. 2, 427. 5, 534. 8, 170.

46. - 1, 698. 2, 449.

47. -- 5, 525. 528. 7, 208. 466.
49. -- 7, 567.

51. - 6, 85. 9, 776.

IOANNES.

Gap. 1. 1. - 1, 481. 2, 94. 109. 114. 6, 520-
9, 826. 828. 8668. 584. 686. 648.

2. - 9, 326.

3. — 2, 95.

4. ·—- 1, 328. 486. 1000. 2, 101. 139.
201. 248. 1007. 5, 333.

5. -- 2, 196ὓ. 9, 315.

9 seq. -— 2, 343. 9, 315.

12. - l, 924. 2, 248. 396. 662. 696. 8,
28οἦ 318. 608.

13. - 1, 328. 2, 201. 7, 601.

14. — 1, 485. 520. 2, 99. 858. 6, 26.
7,106. 8,16. 9, 584. 664. 717.

16. -2- 1, 514 sq. 2, 848. 865. 5, 885.
⁶1⁵0,21169. 7, 85. 8, 547. 9, 757.

17. - 2, 264. 9, 488.
18. »- 1, 490. 1042. 2, 105. 310. 1081.

8, 818.
28. - 2, 812.
26. - 9, 775.

29. - 1. 719. 961 2, 354. 371. 388. 478.
965. 5, 571. 7, 575. 10, 161.

82. - 1, 514. 2, 865. 9, 439.
33. ... 9, 23.

69 ss. - 1. 599. 2, 815.
51. - 2, 126.
52. - 2, 811.

Gap. ΙΙ. 2 66. — 1, 412. 2, 926. 6, 206.

