 

”629
Cap. Il.

Gap. III.

Cap. IV.

Cap. V.

· 21. - 1, 501. 2, 124. 126. 702. 6, 345.
22. - 1, 569. 570. 1089. 8, 784. 788.

INDEX LOOORUM S. S. AD 'HMOTHEUM 1.—11.

5. - 1, 517. 911. 912. 2, 341. 889.
848. 848. 6, 25. 89. 7, 88. 107.
9, 880. 858. 8558· 10, 188. 11,
488. 18, 878. 19, 541. 80, 888.

6. - 1, 723. 2, 461.

8. -· 1, 919. 1067. 2, 657. 664. 737.

1087. 7, 85. 9, 566.
12. - 6, 204.
15. - 7, 578.

1. - 1, 588. 8, 764.

2. — 1, 412. 584. 1092. 2, 800. 921.
6. 497. 7, 663. 669. 10, 228.

8. .- 1, 1058.
8. -- 1, 1098. .
9. - 1, 1099. 8, 406. 1091.

15. - 1. 541. 558. 885. 755. 788. 989.
8, 8548· 5. 527. 535. 557. 6, 277.
327. 7, 31. 560. 6, 79. 9, 433.

16. — 1, 465. 8, 99. 942. 5,164. 7,
106. 567. 6, 488.· 9, 858. 10,

174. 20, 74.
1. 2. ·- 1, 1052. 2, 408. 866. 7, 573. 664.
3 — 1, 412. 647. 1053. ”,2 921. 5,

544 581. 6, 495. 497. 7, 41.

662. 664. 8,, 71. 9, 606.
4. - 7, 232.
5. - 1, 833. 918. 2, 617. 654.
6.- 2, 401. 408.

8-2 311 669. 6,464. 7,641.

6.’ 72. 630.
10. - 1, 888. 8, 18. 520.
13. -- 2, 70.

. 14. -- 1, 572. 1066. 1094.-³¹· 2, 767.

1086. 7, 19. 571.

18. 18, 875.
8. - 5, 205.
6. — 5, 275.
9. - 1, 587. 8, 788.
-· .18. - 1, 450.» 8, 9888ε

17. - 1, 408. 646. 2, 888. 5, 891.

80. - 1, 659. 2, 906.

5, 556.

 

Gap. VI.

Cap. I.

Cap. H.

Gap. 111.

Gap. IV.

880
10. - 5, 805.
18. - 9, 888. 80, 888.
15. - 8, 178.

18. - 1, 898. 477. 2. 55. 5, 222. 6,
{3¹11 ,37ὀ9185 180. 8. 818. 9,

17. - 1, 798. ’8, 808. 7, 819.

AD TIMO'PHEUM II.

1. - 8, 311.

5. - 10,191.

6. -1‚ 572 1094. 2, 767. 7. 19

9. - 1, 878. 757. 778. 888. .,.8 844.
ἓξὲξ). 567. 669. 785 8 185. 810.

10. -- 2. 310. 729. 5, 805. 7, 129.

11. - 12, 471.

12,· -- 8, 488.

18. - 9, 505.

14. -- 2, 426.

15. - 6, 56. 9, 466.

10. - 1, 717. 8, 498. 8, 841.

11. - 1, 775. 8, 585. 8, 88. 400.

18. - 5, 878.

18. - 1, 984. 8, 89. 662. 6, 55.

18. - 8, 408.

1716. -7, 220. 9, 488

19. .- 1, 272. 542. 2, 88. 898. 747.
6' 55. 266. 878. 267. 9 624.

20.-1, 775. 2565. 5,.588 7, 588.

- 8, 887. 19, 878.

23. -- 9. 232.

85. - Ξὸ2451. 788. 8,113. {302- 9,

26. - 8, 180. 8, 118. 189.

1 ss. -- 1, 1052.

5. - 5. 526.

6. - 1, 1067.

7. -- 2, 401 10, 261.

lsssq. -1‚ 989. 8, 70. 8. 871. 7, 8.

1’76. 9, 5'33. 619. 12, 25’7.
1. - 1, 535. 2, 364

40*

